0 0.0009765625 0.330078125 0.0087890625 0.33203125 0.0244140625 0.326171875 0.044921875 0.3076171875 0.060546875 0.2724609375 0.0634765625 0.255859375 0.064453125 0.2353515625 0.052734375 0.2080078125 0.0322265625 0.193359375 0.0029296875 0.19140625 0 0.1943359375 0.0009765625 0.330078125
0 0.1318359375 0.076171875 0.1494140625 0.078125 0.1689453125 0.072265625 0.1875 0.0537109375 0.193359375 0.0419921875 0.1943359375 0.03125 0.1953125 0.0107421875 0.1923828125 0 0.08984375 0.0009765625 0.08984375 0.0244140625 0.095703125 0.0439453125 0.1181640625 0.0703125 0.1318359375 0.076171875
0 0.7900390625 0.455078125 0.8076171875 0.4609375 0.8408203125 0.4609375 0.8564453125 0.453125 0.875 0.4306640625 0.8857421875 0.408203125 0.88671875 0.3896484375 0.87890625 0.3564453125 0.8642578125 0.3359375 0.8466796875 0.328125 0.8154296875 0.328125 0.7958984375 0.337890625 0.7734375 0.3603515625 0.759765625 0.3955078125 0.76171875 0.4189453125 0.771484375 0.4287109375 0.775390625 0.4404296875 0.7900390625 0.455078125
0 0.884765625 0.5048828125 0.9013671875 0.521484375 0.9267578125 0.53125 0.9501953125 0.525390625 0.966796875 0.5107421875 0.9794921875 0.482421875 0.98046875 0.4599609375 0.9765625 0.4404296875 0.966796875 0.4208984375 0.9521484375 0.40625 0.9326171875 0.3984375 0.9169921875 0.3984375 0.8984375 0.4091796875 0.880859375 0.4443359375 0.876953125 0.4775390625 0.884765625 0.5048828125
0 0.8974609375 0.3203125 0.9267578125 0.318359375 0.9462890625 0.310546875 0.97265625 0.2880859375 0.984375 0.2685546875 0.9873046875 0.25390625 0.98828125 0.2353515625 0.984375 0.2177734375 0.97265625 0.1982421875 0.9619140625 0.1875 0.9501953125 0.181640625 0.9306640625 0.181640625 0.9169921875 0.1875 0.8994140625 0.201171875 0.88671875 0.2197265625 0.875 0.2509765625 0.876953125 0.2822265625 0.890625 0.3134765625 0.8974609375 0.3203125
0 0.8818359375 0 0.876953125 0.0068359375 0.873046875 0.0263671875 0.875 0.0498046875 0.8828125 0.0693359375 0.8916015625 0.08203125 0.9130859375 0.095703125 0.9287109375 0.095703125 0.9482421875 0.087890625 0.970703125 0.0693359375 0.984375 0.0478515625 0.9892578125 0.02734375 0.990234375 0.0107421875 0.9853515625 0 0.8818359375 0
0 0.6826171875 0.751953125 0.7099609375 0.75390625 0.7353515625 0.7421875 0.75 0.7275390625 0.759765625 0.7138671875 0.7666015625 0.6875 0.763671875 0.6552734375 0.7490234375 0.634765625 0.7236328125 0.623046875 0.6962890625 0.623046875 0.6708984375 0.6328125 0.658203125 0.6455078125 0.64453125 0.6787109375 0.64453125 0.7080078125 0.654296875 0.7314453125 0.6689453125 0.744140625 0.6826171875 0.751953125
0 0.6494140625 0 0.6396484375 0.00390625 0.62109375 0.0224609375 0.615234375 0.0400390625 0.615234375 0.0615234375 0.619140625 0.0810546875 0.62890625 0.1044921875 0.6474609375 0.12109375 0.6611328125 0.123046875 0.6962890625 0.109375 0.72265625 0.0869140625 0.732421875 0.0654296875 0.7333984375 0.048828125 0.734375 0.0263671875 0.728515625 0.0126953125 0.7197265625 0.00390625 0.7080078125 0 0.6494140625 0
0 0.9390625 0.748046875 0.951953125 0.758203125 0.978515625 0.768359375 1 0.766796875 0.99921875 0.630078125 0.986328125 0.630078125 0.973046875 0.61875 0.95078125 0.61953125 0.935546875 0.6296875 0.922265625 0.650390625 0.91796875 0.676171875 0.91640625 0.708203125 0.9265625 0.72890625 0.9390625 0.748046875
0 0.88984375 0.671484375 0.905078125 0.6515625 0.9078125 0.60625 0.903125 0.585546875 0.884375 0.56328125 0.859375 0.544140625 0.830859375 0.542578125 0.814453125 0.546875 0.79609375 0.558984375 0.78359375 0.58828125 0.780078125 0.6265625 0.793359375 0.655859375 0.801171875 0.664453125 0.8171875 0.672265625 0.83984375 0.676953125 0.852734375 0.678125 0.88984375 0.671484375
0 0.879296875 0.162109375 0.867578125 0.165625 0.851953125 0.18125 0.834375 0.191796875 0.815625 0.195703125 0.799609375 0.19609375 0.789453125 0.208203125 0.784765625 0.229296875 0.78203125 0.252734375 0.78828125 0.273828125 0.79609375 0.283984375 0.811328125 0.294921875 0.829296875 0.3015625 0.84921875 0.301953125 0.8671875 0.294921875 0.878515625 0.28359375 0.875390625 0.25078125 0.88515625 0.21953125 0.898046875 0.2015625 0.90390625 0.1890625 0.89453125 0.173828125 0.879296875 0.162109375
0 0.870703125 0.1609375 0.87890625 0.14140625 0.878125 0.11796875 0.873046875 0.108203125 0.85859375 0.092578125 0.846875 0.0859375 0.8453125 0.083203125 0.835546875 0.079296875 0.828125 0.086328125 0.812109375 0.0953125 0.790625 0.0953125 0.7765625 0.09140625 0.76796875 0.0828125 0.75625 0.096484375 0.74375 0.126171875 0.74375 0.152734375 0.75234375 0.16796875 0.783984375 0.187109375 0.80859375 0.189453125 0.8296875 0.18984375 0.85 0.1796875 0.870703125 0.1609375
0 0.766015625 0 0.7578125 0.00390625 0.748828125 0.036328125 0.74921875 0.05859375 0.75703125 0.074609375 0.766015625 0.082421875 0.780859375 0.090625 0.8 0.09453125 0.821875 0.0890625 0.8375 0.078125 0.853125 0.06171875 0.862890625 0.044921875 0.86640625 0.03125 0.8671875 0.012890625 0.86171875 0 0.766015625 0
0 0.496484375 0.064453125 0.4828125 0.049609375 0.462890625 0.04140625 0.448828125 0.03671875 0.431640625 0.04140625 0.415234375 0.0609375 0.41328125 0.06796875 0.4125 0.088671875 0.417578125 0.1125 0.423046875 0.1359375 0.434375 0.155078125 0.45234375 0.173828125 0.477734375 0.196484375 0.4984375 0.204296875 0.519921875 0.196484375 0.530078125 0.183203125 0.534375 0.148828125 0.52578125 0.116015625 0.51171875 0.088671875 0.496484375 0.064453125
0 0.4703125 0.239453125 0.468359375 0.215234375 0.453125 0.16953125 0.40859375 0.13671875 0.39375 0.141015625 0.368359375 0.161328125 0.34921875 0.1921875 0.34140625 0.223046875 0.3453125 0.251953125 0.353125 0.285546875 0.3734375 0.3046875 0.396484375 0.31484375 0.422265625 0.31328125 0.44375 0.296484375 0.46171875 0.2609375 0.4703125 0.239453125
0 0.222265625 0.340234375 0.203125 0.32890625 0.181640625 0.324609375 0.161328125 0.330859375 0.134765625 0.3515625 0.115234375 0.39140625 0.1109375 0.418359375 0.1140625 0.43046875 0.1421875 0.446875 0.17265625 0.463671875 0.186328125 0.46171875 0.209375 0.444140625 0.2203125 0.426171875 0.229296875 0.40703125 0.23125 0.380859375 0.23046875 0.3625 0.222265625 0.340234375
1 0.8330078125 0.720703125 0.8603515625 0.734375 0.8759765625 0.736328125 0.8955078125 0.73046875 0.904296875 0.7197265625 0.9072265625 0.7109375 0.90625 0.6767578125 0.904296875 0.6708984375 0.8994140625 0.66796875 0.8857421875 0.666015625 0.8583984375 0.67578125 0.8447265625 0.67578125 0.8330078125 0.671875 0.8251953125 0.67578125 0.81640625 0.6865234375 0.81640625 0.7001953125 0.8203125 0.7099609375 0.8330078125 0.720703125
1 0.6875 0.5966796875 0.6982421875 0.609375 0.7099609375 0.6171875 0.7412109375 0.62109375 0.76953125 0.5966796875 0.7705078125 0.591796875 0.771484375 0.5830078125 0.765625 0.5517578125 0.7587890625 0.54296875 0.7509765625 0.5390625 0.7197265625 0.537109375 0.7080078125 0.54296875 0.6875 0.5673828125 0.6875 0.5966796875
1 0.3125 0.4638671875 0.3291015625 0.48046875 0.3466796875 0.48828125 0.3544921875 0.48828125 0.380859375 0.4677734375 0.3896484375 0.43359375 0.388671875 0.4228515625 0.3720703125 0.40625 0.3505859375 0.40234375 0.3271484375 0.41015625 0.314453125 0.4208984375 0.306640625 0.4482421875 0.3125 0.4638671875
1 0.2265625 0.3525390625 0.23046875 0.4111328125 0.2333984375 0.4140625 0.2568359375 0.4140625 0.28515625 0.3916015625 0.2880859375 0.3828125 0.2890625 0.3642578125 0.28515625 0.3564453125 0.2783203125 0.34765625 0.2646484375 0.33984375 0.2412109375 0.33984375 0.2333984375 0.34375 0.2265625 0.3525390625
1 0.505859375 0.0732421875 0.509765625 0.0869140625 0.5244140625 0.103515625 0.5439453125 0.109375 0.5654296875 0.095703125 0.5771484375 0.08203125 0.576171875 0.0615234375 0.5576171875 0.041015625 0.5517578125 0.0390625 0.5341796875 0.0390625 0.5263671875 0.04296875 0.509765625 0.0576171875 0.505859375 0.0732421875
1 0.07421875 0.2822265625 0.07421875 0.2919921875 0.0869140625 0.30859375 0.1083984375 0.30859375 0.1259765625 0.298828125 0.1455078125 0.279296875 0.14453125 0.2568359375 0.1357421875 0.248046875 0.1162109375 0.244140625 0.0986328125 0.248046875 0.08203125 0.2587890625 0.07421875 0.2822265625
1 0.0009765625 0 0 0.0341796875 0.0107421875 0.0390625 0.0380859375 0.037109375 0.0693359375 0.005859375 0.0693359375 0 0.0009765625 0
0 0.564068215625 0.446939296875 0.5394094968750001 0.4130335546875 0.5018049484375 0.3988547921875 0.459885125 0.4025536015625 0.4383087453125 0.4167323625 0.419814703125 0.445706359375 0.421047640625 0.4913249921875 0.4352264015625 0.5166001796875 0.4494051671875 0.5326283468749999 0.4672827375 0.5437247703125 0.4999555421875 0.5486565156250001 0.5276966015625 0.546807109375 0.549889453125 0.5313954109375 0.562835278125 0.5122849031250001 0.5708493625 0.4796121015625 0.564068215625 0.446939296875