0 0.8193359375 0.1796875 0.8017578125 0.1875 0.78515625 0.2021484375 0.771484375 0.2294921875 0.767578125 0.2451171875 0.767578125 0.2841796875 0.7841796875 0.302734375 0.8134765625 0.318359375 0.8515625 0.3193359375 0.8642578125 0.31640625 0.8740234375 0.306640625 0.8916015625 0.30078125 0.8984375 0.2939453125 0.908203125 0.2685546875 0.90625 0.2451171875 0.890625 0.2119140625 0.8720703125 0.193359375 0.8427734375 0.1796875 0.8193359375 0.1796875
0 0.853515625 0.5224609375 0.845703125 0.5419921875 0.845703125 0.5654296875 0.8515625 0.5791015625 0.8798828125 0.607421875 0.8994140625 0.615234375 0.921875 0.6162109375 0.9482421875 0.609375 0.96875 0.5908203125 0.97265625 0.5791015625 0.97265625 0.5478515625 0.96484375 0.5263671875 0.9423828125 0.5 0.9208984375 0.490234375 0.9013671875 0.48828125 0.8740234375 0.5 0.853515625 0.5224609375
0 0.34375 0.8271484375 0.34375 0.8505859375 0.349609375 0.8681640625 0.3642578125 0.88671875 0.3935546875 0.89453125 0.4111328125 0.904296875 0.421875 0.9033203125 0.4482421875 0.896484375 0.46875 0.8759765625 0.484375 0.8486328125 0.48046875 0.8095703125 0.47265625 0.7958984375 0.4580078125 0.78515625 0.4150390625 0.78125 0.3896484375 0.787109375 0.3623046875 0.802734375 0.34375 0.8271484375
0 0.5810546875 0.78125 0.5576171875 0.7890625 0.537109375 0.8056640625 0.525390625 0.8291015625 0.53125 0.8544921875 0.5517578125 0.880859375 0.5693359375 0.892578125 0.578125 0.8935546875 0.6025390625 0.880859375 0.6259765625 0.876953125 0.6396484375 0.87890625 0.671875 0.8564453125 0.677734375 0.8466796875 0.677734375 0.8232421875 0.6650390625 0.80078125 0.6494140625 0.7890625 0.6279296875 0.78125 0.5810546875 0.78125
0 0.65234375 0.9404296875 0.6640625 0.9599609375 0.6708984375 0.96484375 0.6943359375 0.974609375 0.71875 0.9736328125 0.7431640625 0.96875 0.7685546875 0.955078125 0.7890625 0.9248046875 0.775390625 0.8916015625 0.7548828125 0.8671875 0.7236328125 0.85546875 0.6826171875 0.857421875 0.6591796875 0.87109375 0.64453125 0.8876953125 0.65234375 0.9404296875
0 0.5927734375 0.90234375 0.5751953125 0.91015625 0.564453125 0.9208984375 0.55859375 0.9541015625 0.564453125 0.9853515625 0.5693359375 0.994140625 0.5771484375 1 0.65625 0.9990234375 0.66796875 0.9892578125 0.67578125 0.9755859375 0.654296875 0.9541015625 0.646484375 0.9326171875 0.642578125 0.9091796875 0.6376953125 0.90234375 0.6318359375 0.8984375 0.6044921875 0.900390625 0.5966796875 0.904296875 0.5927734375 0.90234375
0 0.287109375 0.9619140625 0.2890625 0.9755859375 0.2958984375 0.984375 0.3271484375 1 0.40234375 0.9990234375 0.4130859375 0.994140625 0.423828125 0.9814453125 0.427734375 0.9501953125 0.419921875 0.9306640625 0.3935546875 0.900390625 0.3798828125 0.89453125 0.3388671875 0.896484375 0.302734375 0.9169921875 0.2890625 0.9443359375 0.287109375 0.9619140625
0 0.62890625 0.5595703125 0.623046875 0.5849609375 0.62109375 0.6259765625 0.638671875 0.6669921875 0.6513671875 0.677734375 0.677734375 0.6767578125 0.703125 0.6552734375 0.71484375 0.6357421875 0.72265625 0.6142578125 0.73046875 0.5673828125 0.724609375 0.5458984375 0.71484375 0.5302734375 0.6943359375 0.521484375 0.6708984375 0.5234375 0.6455078125 0.537109375 0.62890625 0.5595703125
0 0.7110083125 0.65509114375 0.6826171875 0.681640625 0.6611328125 0.6875 0.65234375 0.7021484375 0.65234375 0.7197265625 0.65625 0.7314453125 0.6708984375 0.75 0.6845703125 0.755859375 0.70703125 0.7548828125 0.7216796875 0.75 0.7470703125 0.728515625 0.7783203125 0.728515625 0.78515625 0.7236328125 0.783203125 0.7177734375 0.7578125 0.6962890625 0.755859375 0.6826171875 0.75 0.6708984375 0.72735333125 0.6516500859375001 0.7110083125 0.65509114375
0 0.7392578125 0.732421875 0.7177734375 0.75390625 0.7060546875 0.755859375 0.697265625 0.7626953125 0.697265625 0.7783203125 0.7099609375 0.794921875 0.7353515625 0.8046875 0.765625 0.8056640625 0.7958984375 0.798828125 0.8115234375 0.7890625 0.826171875 0.7705078125 0.830078125 0.7470703125 0.8203125 0.7294921875 0.8134765625 0.724609375 0.7919921875 0.720703125 0.7841796875 0.7265625 0.7529296875 0.7265625 0.7392578125 0.732421875
0 0.7646484375 0.58984375 0.75 0.6025390625 0.73828125 0.6220703125 0.736328125 0.6474609375 0.740234375 0.6572265625 0.755859375 0.6748046875 0.76171875 0.6904296875 0.7861328125 0.7109375 0.8056640625 0.716796875 0.833984375 0.7158203125 0.841796875 0.7099609375 0.849609375 0.6923828125 0.849609375 0.6767578125 0.85546875 0.6591796875 0.85546875 0.6318359375 0.8515625 0.6201171875 0.8369140625 0.6015625 0.8134765625 0.587890625 0.7841796875 0.583984375 0.7646484375 0.58984375
0 0.443359375 0.3837890625 0.44140625 0.3974609375 0.4453125 0.4228515625 0.4951171875 0.46484375 0.5166015625 0.470703125 0.546875 0.4697265625 0.5693359375 0.462890625 0.587890625 0.4423828125 0.591796875 0.4150390625 0.580078125 0.3818359375 0.5634765625 0.36328125 0.5263671875 0.345703125 0.4931640625 0.34375 0.4638671875 0.35546875 0.451171875 0.3662109375 0.443359375 0.3837890625
0 0.3876953125 0.513671875 0.3779296875 0.515625 0.359375 0.5322265625 0.357421875 0.5400390625 0.34375 0.5537109375 0.34375 0.5673828125 0.3779296875 0.595703125 0.3994140625 0.607421875 0.4169921875 0.611328125 0.443359375 0.6103515625 0.4638671875 0.603515625 0.48828125 0.5810546875 0.494140625 0.5654296875 0.494140625 0.5341796875 0.4853515625 0.521484375 0.4736328125 0.517578125 0.4326171875 0.509765625 0.4228515625 0.50390625 0.3994140625 0.50390625 0.3876953125 0.513671875
0 0.3115234375 0.439453125 0.2919921875 0.458984375 0.263671875 0.4794921875 0.265625 0.5087890625 0.2734375 0.5302734375 0.2900390625 0.55078125 0.3193359375 0.5703125 0.33984375 0.5712890625 0.34375 0.5693359375 0.34375 0.5517578125 0.353515625 0.5380859375 0.3662109375 0.5234375 0.3876953125 0.51171875 0.3984375 0.4970703125 0.3828125 0.4697265625 0.3525390625 0.4453125 0.3388671875 0.439453125 0.3115234375 0.439453125
0 1 0.2626953125 0.9873046875 0.259765625 0.9677734375 0.265625 0.951171875 0.2802734375 0.943359375 0.2978515625 0.94140625 0.3251953125 0.947265625 0.3447265625 0.966796875 0.3759765625 0.9892578125 0.39453125 1 0.3974609375 1 0.2626953125
0 1 0.7177734375 0.984375 0.6904296875 0.9794921875 0.6875 0.9345703125 0.685546875 0.9091796875 0.6953125 0.90234375 0.7021484375 0.89453125 0.7275390625 0.896484375 0.7470703125 0.9169921875 0.767578125 0.9326171875 0.77734375 0.9658203125 0.78515625 0.986328125 0.7841796875 1 0.7802734375 1 0.7177734375
0 0.8759765625 0.619140625 0.861328125 0.6279296875 0.859375 0.6533203125 0.8515625 0.6728515625 0.85546875 0.6845703125 0.85546875 0.7001953125 0.841796875 0.7197265625 0.84375 0.7314453125 0.8525390625 0.73828125 0.888671875 0.7392578125 0.89453125 0.7119140625 0.8974609375 0.703125 0.9233316671875 0.6868069796875 0.9439906875 0.6834340812499999 0.9375 0.6572265625 0.927734375 0.6455078125 0.92578125 0.6318359375 0.9189453125 0.625 0.9013671875 0.619140625 0.8759765625 0.619140625
0 0.2119140625 0.833984375 0.197265625 0.8486328125 0.1875 0.8701171875 0.1875 0.9111328125 0.19140625 0.9345703125 0.203125 0.9599609375 0.2255859375 0.9765625 0.248046875 0.9775390625 0.2705078125 0.96875 0.283203125 0.9580078125 0.28515625 0.9423828125 0.298828125 0.9130859375 0.30078125 0.8994140625 0.294921875 0.8603515625 0.28125 0.8369140625 0.2724609375 0.828125 0.2431640625 0.8203125 0.2119140625 0.833984375
0 0.978515625 0.9833984375 0.9638671875 0.966796875 0.9287109375 0.951171875 0.8994140625 0.951171875 0.8818359375 0.958984375 0.86328125 0.9755859375 0.853515625 0.9951171875 0.8544921875 1 0.984375 0.9990234375 0.978515625 0.9833984375
1 0.8134765625 0.455078125 0.7900390625 0.466796875 0.779296875 0.4794921875 0.7734375 0.5009765625 0.78125 0.5224609375 0.8076171875 0.548828125 0.8134765625 0.552734375 0.818359375 0.5517578125 0.8291015625 0.546875 0.8369140625 0.546875 0.841796875 0.5419921875 0.84765625 0.5263671875 0.869140625 0.4990234375 0.8671875 0.4873046875 0.853515625 0.4755859375 0.8408203125 0.458984375 0.8291015625 0.453125 0.8134765625 0.455078125
1 0.4326171875 0.505859375 0.4443359375 0.509765625 0.4892578125 0.51953125 0.5 0.5185546875 0.51953125 0.4970703125 0.51953125 0.4736328125 0.4814453125 0.453125 0.4521484375 0.42578125 0.4345703125 0.427734375 0.427734375 0.4345703125 0.41796875 0.4580078125 0.416015625 0.4833984375 0.421875 0.4970703125 0.4326171875 0.505859375
1 0.5 0.6845703125 0.5 0.7294921875 0.501953125 0.7353515625 0.5244140625 0.76171875 0.541015625 0.7626953125 0.5595703125 0.7578125 0.578125 0.7392578125 0.58203125 0.7255859375 0.580078125 0.7099609375 0.587890625 0.6904296875 0.5771484375 0.677734375 0.5537109375 0.6640625 0.5185546875 0.662109375 0.505859375 0.6728515625 0.5 0.6845703125
0 0.451171875 0.9501953125 0.451171875 0.9541015625 0.46484375 0.9677734375 0.474609375 0.9912109375 0.4853515625 1 0.5546875 0.9990234375 0.556640625 0.9912109375 0.552734375 0.9833984375 0.552734375 0.9619140625 0.556640625 0.9287109375 0.5546875 0.9228515625 0.5498046875 0.919921875 0.5341796875 0.9140625 0.4990234375 0.912109375 0.4619140625 0.9375 0.451171875 0.9501953125
1 0.0625 0.8603515625 0.052734375 0.8779296875 0.05078125 0.8955078125 0.0634765625 0.912109375 0.0771484375 0.919921875 0.10546875 0.9189453125 0.1201171875 0.91796875 0.1376953125 0.912109375 0.15234375 0.8935546875 0.150390625 0.8740234375 0.146484375 0.8642578125 0.1318359375 0.853515625 0.1044921875 0.84375 0.0849609375 0.84375 0.0693359375 0.8515625 0.0625 0.8603515625
1 0.0244140625 0.86328125 0.037109375 0.8486328125 0.037109375 0.8330078125 0.033203125 0.8232421875 0.0224609375 0.8125 0.0107421875 0.806640625 0.0009765625 0.806640625 0 0.8681640625 0.013671875 0.8681640625 0.0244140625 0.86328125
1 0.017578125 0.7744140625 0.0302734375 0.771484375 0.0390625 0.7646484375 0.04296875 0.7548828125 0.04296875 0.7431640625 0.02734375 0.7177734375 0.0068359375 0.697265625 0.0009765625 0.6953125 0 0.7705078125 0.0087890625 0.775390625 0.017578125 0.7744140625
1 0.05078125 0.7177734375 0.0830078125 0.748046875 0.095703125 0.7470703125 0.1025390625 0.744140625 0.107421875 0.7353515625 0.107421875 0.6982421875 0.103515625 0.6865234375 0.0693359375 0.6484375 0.0576171875 0.646484375 0.0400390625 0.65234375 0.0234375 0.6708984375 0.021484375 0.6826171875 0.05078125 0.7177734375