0 0.6025390625 0 0.5966796875 0.017578125 0.595703125 0.0498046875 0.6015625 0.0615234375 0.6181640625 0.076171875 0.6416015625 0.083984375 0.6552734375 0.083984375 0.6748046875 0.076171875 0.69140625 0.0634765625 0.705078125 0.0439453125 0.6953125 0.0283203125 0.693359375 0.0126953125 0.6787109375 0 0.6025390625 0
0 0.7060546875 0 0.705078125 0.0048828125 0.71484375 0.0185546875 0.712890625 0.0380859375 0.7255859375 0.046875 0.7373046875 0.048828125 0.7568359375 0.048828125 0.7763671875 0.04296875 0.791015625 0.0283203125 0.798828125 0.0126953125 0.7978515625 0 0.7060546875 0
0 0.6787109375 0.125 0.6513671875 0.125 0.6298828125 0.12890625 0.609375 0.1435546875 0.599609375 0.1630859375 0.5966796875 0.1796875 0.595703125 0.2041015625 0.6015625 0.2177734375 0.6220703125 0.234375 0.6533203125 0.23828125 0.6826171875 0.23046875 0.7060546875 0.216796875 0.728515625 0.1904296875 0.732421875 0.1630859375 0.728515625 0.1513671875 0.7216796875 0.14453125 0.7041015625 0.134765625 0.6787109375 0.125
0 0.5498046875 0.03515625 0.5029296875 0.03515625 0.4775390625 0.04296875 0.458984375 0.0576171875 0.455078125 0.0654296875 0.4541015625 0.083984375 0.453125 0.0966796875 0.4580078125 0.1015625 0.4794921875 0.111328125 0.5029296875 0.115234375 0.5498046875 0.13671875 0.5751953125 0.13671875 0.5888671875 0.130859375 0.599609375 0.1201171875 0.60546875 0.1025390625 0.603515625 0.0849609375 0.59375 0.0654296875 0.5673828125 0.04296875 0.5498046875 0.03515625
0 0.5419921875 0.14453125 0.5244140625 0.1328125 0.4736328125 0.119140625 0.4462890625 0.12109375 0.43359375 0.1318359375 0.4267578125 0.15234375 0.427734375 0.2119140625 0.4638671875 0.244140625 0.4912109375 0.251953125 0.5224609375 0.248046875 0.55078125 0.2255859375 0.55859375 0.2119140625 0.5625 0.2001953125 0.5625 0.1787109375 0.55859375 0.1650390625 0.5419921875 0.14453125
0 0.357421875 0.3427734375 0.380859375 0.2783203125 0.3369140625 0.244140625 0.2998046875 0.236328125 0.271484375 0.2666015625 0.2646484375 0.2890625 0.263671875 0.3076171875 0.267578125 0.3232421875 0.2919921875 0.3515625 0.3115234375 0.361328125 0.3388671875 0.361328125 0.357421875 0.3427734375
0 0.6494140625 0.29296875 0.6396484375 0.29296875 0.6162109375 0.3046875 0.59765625 0.3232421875 0.5859375 0.3447265625 0.5830078125 0.36328125 0.583984375 0.3779296875 0.591796875 0.3916015625 0.6181640625 0.41796875 0.6279296875 0.419921875 0.7001953125 0.38671875 0.712890625 0.3720703125 0.720703125 0.3466796875 0.6611328125 0.298828125 0.6494140625 0.29296875
0 0.1103515625 0.279296875 0.0927734375 0.279296875 0.0673828125 0.287109375 0.0341796875 0.2890625 0.013671875 0.3037109375 0.0087890625 0.314453125 0.0078125 0.3310546875 0.0234375 0.3642578125 0.0419921875 0.37890625 0.0595703125 0.38671875 0.0869140625 0.384765625 0.1220703125 0.369140625 0.142578125 0.3447265625 0.146484375 0.3193359375 0.138671875 0.2939453125 0.1240234375 0.283203125 0.1103515625 0.279296875
0 0.0615234375 0.685546875 0.0498046875 0.689453125 0.0439453125 0.6953125 0.0341796875 0.693359375 0.021484375 0.7041015625 0.0185546875 0.71484375 0.01953125 0.7314453125 0.029296875 0.7431640625 0.0390625 0.7646484375 0.0537109375 0.779296875 0.0732421875 0.7890625 0.0966796875 0.794921875 0.1298828125 0.794921875 0.146484375 0.7822265625 0.154296875 0.7685546875 0.158203125 0.7509765625 0.158203125 0.7138671875 0.1435546875 0.6953125 0.1279296875 0.6875 0.0908203125 0.6875 0.0810546875 0.68359375 0.0615234375 0.685546875
0 0.25 0.4755859375 0.1982421875 0.423828125 0.1826171875 0.421875 0.1474609375 0.4296875 0.126953125 0.4501953125 0.1240234375 0.46484375 0.123046875 0.4775390625 0.12890625 0.5009765625 0.134765625 0.5126953125 0.1533203125 0.529296875 0.1865234375 0.541015625 0.2216796875 0.541015625 0.2412109375 0.533203125 0.25 0.5244140625 0.25 0.4755859375
0 0.2783203125 0.37890625 0.2548828125 0.375 0.2353515625 0.376953125 0.2158203125 0.384765625 0.1953125 0.4013671875 0.1904296875 0.4140625 0.1923828125 0.421875 0.2060546875 0.427734375 0.2587890625 0.482421875 0.2880859375 0.48046875 0.3046875 0.4716796875 0.30859375 0.4443359375 0.32421875 0.4169921875 0.322265625 0.4091796875 0.3017578125 0.390625 0.2783203125 0.37890625
0 0.3662109375 0.7109375 0.3447265625 0.701171875 0.3134765625 0.69921875 0.3017578125 0.703125 0.28125 0.7294921875 0.2783203125 0.751953125 0.28125 0.7744140625 0.294921875 0.7978515625 0.3076171875 0.810546875 0.3291015625 0.82421875 0.3408203125 0.828125 0.3720703125 0.826171875 0.3837890625 0.8203125 0.3984375 0.8037109375 0.404296875 0.7685546875 0.39453125 0.7412109375 0.3662109375 0.7109375
0 0.07109375 0.51484375 0.04140625 0.492578125 0.0140625 0.474609375 0 0.4640625 0.001171875 0.605078125 0.02265625 0.61171875 0.0421875 0.610546875 0.06484375 0.600390625 0.07734375 0.589453125 0.0828125 0.56015625 0.07109375 0.51484375
0 0.1125 0.6 0.089453125 0.594140625 0.076953125 0.59453125 0.05859375 0.60390625 0.041015625 0.614453125 0.0296875 0.63125 0.039453125 0.654296875 0.0484375 0.67734375 0.07265625 0.681640625 0.115625 0.68125 0.1359375 0.6796875 0.146484375 0.654296875 0.145703125 0.6375 0.13984375 0.62265625 0.127734375 0.6125 0.1125 0.6
0 0.0517578125 0.001953125 0.0341796875 0.005859375 0.0283203125 0.013671875 0.0205078125 0.013671875 0.015625 0.0185546875 0.0107421875 0.033203125 0.009765625 0.0458984375 0.013671875 0.0556640625 0.0341796875 0.080078125 0.0537109375 0.09375 0.0791015625 0.1015625 0.1064453125 0.103515625 0.1337890625 0.09765625 0.158203125 0.0751953125 0.158203125 0.0498046875 0.15234375 0.0341796875 0.1357421875 0.01953125 0.0986328125 0.00390625 0.0517578125 0.001953125
0 0.1806640625 0.1015625 0.1533203125 0.1015625 0.1376953125 0.109375 0.1298828125 0.109375 0.1142578125 0.119140625 0.0966796875 0.140625 0.095703125 0.1669921875 0.103515625 0.1826171875 0.1240234375 0.203125 0.1533203125 0.21484375 0.1826171875 0.212890625 0.2001953125 0.205078125 0.21484375 0.1923828125 0.2265625 0.1708984375 0.2265625 0.1533203125 0.220703125 0.1298828125 0.2021484375 0.109375 0.1806640625 0.1015625
0 0.060546875 0.1220703125 0.0498046875 0.111328125 0.0380859375 0.10546875 0.0302734375 0.10546875 0.0166015625 0.099609375 0.0009765625 0.103515625 0 0.2021484375 0.0048828125 0.205078125 0.0244140625 0.203125 0.0400390625 0.1953125 0.056640625 0.1806640625 0.06640625 0.1572265625 0.06640625 0.1337890625 0.060546875 0.1220703125
0 0.2001953125 0 0.19921875 0.0126953125 0.208984375 0.0361328125 0.2216796875 0.046875 0.2470703125 0.060546875 0.2841796875 0.064453125 0.3134765625 0.0546875 0.337890625 0.0341796875 0.3330078125 0 0.2001953125 0
0 0.3447265625 0 0.34375 0.0166015625 0.349609375 0.0361328125 0.3720703125 0.046875 0.3935546875 0.046875 0.4130859375 0.041015625 0.4306640625 0.02734375 0.4521484375 0.017578125 0.462890625 0.0048828125 0.4619140625 0 0.3447265625 0
0 0.394921875 0.0484375 0.380078125 0.048046875 0.36328125 0.04609375 0.361328125 0.059765625 0.3625 0.0828125 0.375 0.11015625 0.382399375 0.1203125 0.40427437499999996 0.128125 0.42224312499999994 0.12890625 0.43357124999999996 0.125390625 0.44724312499999996 0.119140625 0.46130562499999994 0.11953125 0.46989937499999995 0.112890625 0.456618125 0.10234375 0.45153999999999994 0.085546875 0.451930625 0.06484375 0.47497749999999994 0.041796875 0.48707546874999996 0.034765625 0.451953125 0.021875 0.43671875 0.02578125 0.423046875 0.03671875 0.409375 0.043359375 0.394921875 0.0484375
0 0.4031025 0.182421875 0.382399375 0.173828125 0.374586875 0.17421875 0.34763375 0.178515625 0.322243125 0.17890625 0.301930625 0.18671875 0.29607125 0.197265625 0.28786812500000003 0.22265625 0.292555625 0.233984375 0.305055625 0.237109375 0.327711875 0.239453125 0.340993125 0.246484375 0.355836875 0.259765625 0.376149375 0.274609375 0.38825875 0.2765625 0.40739937499999995 0.266796875 0.42732125 0.244921875 0.42810249999999994 0.213671875 0.42497749999999995 0.20703125 0.41989937499999996 0.199609375 0.40935249999999995 0.18828125 0.4031025 0.182421875
0 0.360524375 0.075390625 0.349586875 0.07578125 0.326149375 0.08515625 0.312868125 0.109765625 0.301149375 0.135546875 0.296461875 0.176171875 0.2968525 0.18671875 0.305055625 0.184765625 0.3187275 0.180078125 0.329274375 0.178515625 0.34450875000000003 0.178515625 0.3656025 0.175 0.38357125000000003 0.175 0.40466499999999994 0.181640625 0.405055625 0.180859375 0.41169625 0.156640625 0.409743125 0.137109375 0.398415 0.129296875 0.38552437500000003 0.1234375 0.376149375 0.11484375 0.367555625 0.094140625 0.360524375 0.075390625
0 0.5673828125 0.416015625 0.5458984375 0.41796875 0.5263671875 0.42578125 0.5087890625 0.4375 0.490234375 0.4560546875 0.4697265625 0.494140625 0.470703125 0.5009765625 0.4814453125 0.509765625 0.4853515625 0.509765625 0.4873046875 0.505859375 0.5244140625 0.501953125 0.5771484375 0.50390625 0.60546875 0.4853515625 0.611328125 0.4716796875 0.611328125 0.4580078125 0.60546875 0.4423828125 0.5849609375 0.421875 0.5673828125 0.416015625
0 0.486328125 0.461328125 0.49921875 0.4453125 0.51328125 0.43046875 0.519921875 0.4265625 0.515234375 0.4171875 0.503515625 0.4015625 0.478515625 0.384375 0.446484375 0.38515625 0.417578125 0.39609375 0.406640625 0.4 0.423046875 0.429296875 0.43125 0.45234375 0.42890625 0.483984375 0.424609375 0.5 0.433203125 0.513671875 0.45078125 0.51171875 0.465234375 0.5015625 0.473828125 0.484375 0.486328125 0.461328125
0 0.316015625 0.49453125 0.3359375 0.512109375 0.353515625 0.519921875 0.374609375 0.520703125 0.3984375 0.518359375 0.41171875 0.51328125 0.421875 0.508984375 0.431640625 0.480078125 0.42890625 0.451171875 0.42109375 0.426953125 0.410546875 0.4109375 0.398046875 0.404296875 0.36484375 0.4 0.341015625 0.403515625 0.3234375 0.420703125 0.312890625 0.437109375 0.306640625 0.466796875 0.316015625 0.49453125
0 0.2796875 0.5 0.260546875 0.523046875 0.24921875 0.555078125 0.255859375 0.569921875 0.29921875 0.60703125 0.330078125 0.61171875 0.3421875 0.608984375 0.36953125 0.6046875 0.39453125 0.591796875 0.41015625 0.57109375 0.40703125 0.534765625 0.39453125 0.522265625 0.374609375 0.52265625 0.35078125 0.51796875 0.331640625 0.51015625 0.315234375 0.491796875 0.2796875 0.5
0 0.475390625 0.520703125 0.46328125 0.537890625 0.465234375 0.56640625 0.47734375 0.60625 0.494140625 0.624609375 0.5375 0.6328125 0.561328125 0.626171875 0.572265625 0.601171875 0.572265625 0.5828125 0.581640625 0.551953125 0.58046875 0.5265625 0.560546875 0.505078125 0.53125 0.505078125 0.50234375 0.512109375 0.475390625 0.520703125
0 0.409375 0.56640625 0.4046875 0.58046875 0.387890625 0.5984375 0.3859375 0.608984375 0.408203125 0.6375 0.450390625 0.662109375 0.48046875 0.671484375 0.498046875 0.662109375 0.50234375 0.63359375 0.483203125 0.61640625 0.4734375 0.598046875 0.465625 0.56484375 0.462109375 0.530859375 0.4453125 0.519140625 0.421875 0.519140625 0.408203125 0.53359375 0.409375 0.56640625
1 0.2451171875 1 0.275390625 0.9716796875 0.2568359375 0.953125 0.2470703125 0.94921875 0.2216796875 0.947265625 0.2041015625 0.955078125 0.189453125 0.9697265625 0.1787109375 0.990234375 0.1787109375 1 0.2451171875 1
1 0.4052734375 0.296875 0.3994140625 0.29296875 0.3857421875 0.291015625 0.375 0.2998046875 0.36328125 0.3388671875 0.3583984375 0.345703125 0.357421875 0.3544921875 0.3662109375 0.373046875 0.4033203125 0.39453125 0.41796875 0.3857421875 0.4296875 0.3525390625 0.427734375 0.3291015625 0.419921875 0.3115234375 0.4052734375 0.296875
1 0.08203125 0.4736328125 0.08203125 0.4462890625 0.0732421875 0.435546875 0.0654296875 0.431640625 0.0244140625 0.431640625 0.0087890625 0.447265625 0.0078125 0.4599609375 0.01171875 0.4736328125 0.0419921875 0.49609375 0.0634765625 0.49609375 0.078125 0.4814453125 0.08203125 0.4736328125
1 0.0751953125 0.21875 0.0595703125 0.208984375 0.0458984375 0.208984375 0.0302734375 0.216796875 0.017578125 0.2333984375 0.0068359375 0.271484375 0.0078125 0.2822265625 0.0126953125 0.28515625 0.0634765625 0.28515625 0.0830078125 0.279296875 0.09375 0.2724609375 0.09765625 0.2626953125 0.09765625 0.2509765625 0.087890625 0.2333984375 0.0751953125 0.21875
1 0.7509765625 0.060546875 0.7314453125 0.05859375 0.7255859375 0.060546875 0.71484375 0.0712890625 0.701171875 0.0888671875 0.6982421875 0.09765625 0.697265625 0.1123046875 0.7099609375 0.12890625 0.7216796875 0.1328125 0.7353515625 0.1328125 0.7685546875 0.119140625 0.787109375 0.0966796875 0.78125 0.0849609375 0.7587890625 0.064453125 0.7509765625 0.060546875
1 0.7734375 0.2861328125 0.779296875 0.2724609375 0.771484375 0.2548828125 0.7568359375 0.24609375 0.7333984375 0.248046875 0.7197265625 0.265625 0.71875 0.2841796875 0.72265625 0.2919921875 0.7392578125 0.306640625 0.7587890625 0.3046875 0.7734375 0.2861328125
0 0.8068996687500001 0 0.7942669375 0.029084320312500002 0.7775736828124999 0.0430705578125 0.7572710812500001 0.054349784375 0.77215965625 0.0737500515625 0.7902064171875 0.09630849999999999 0.819081234375 0.10939240312500001 0.8565282578125 0.10127135937500001 0.8876589218750001 0.0209632765625 0.87728203125 0 0.8068996687500001 0