0 0.1490196078125 0.2783203125 0.165686275 0.296875 0.1970588234375 0.302734375 0.2225490203125 0.294921875 0.25 0.275390625 0.26960784375 0.2421875 0.2705882359375 0.2158203125 0.2627450984375 0.1923828125 0.24019607812500002 0.173828125 0.20686274531249998 0.171875 0.17941176406249998 0.18359375 0.1568627453125 0.2060546875 0.1431372546875 0.2373046875 0.1431372546875 0.2626953125 0.1490196078125 0.2783203125
0 0.5029411765625 0.873046875 0.548039215625 0.875 0.571568628125 0.8671875 0.5872549015625 0.859375 0.59607843125 0.8505859375 0.6009803921875 0.83203125 0.6 0.8173828125 0.5813725484375001 0.7890625 0.555882353125 0.771484375 0.5225490203125001 0.759765625 0.5029411765625 0.759765625 0.4872549015625 0.765625 0.4725490203125 0.7763671875 0.4627450984375 0.7958984375 0.4627450984375 0.8212890625 0.4705882359375 0.8466796875 0.4852941171875 0.865234375 0.5029411765625 0.873046875
0 0.544117646875 1 0.5607843140625 0.9873046875 0.5627450984375 0.9755859375 0.5735294125 0.9609375 0.5745098046875 0.9560546875 0.5647058828125 0.9423828125 0.544117646875 0.923828125 0.528431371875 0.91796875 0.5068627453125 0.91796875 0.4872549015625 0.923828125 0.4705882359375 0.9384765625 0.4627450984375 0.9560546875 0.4627450984375 0.9716796875 0.46862745156249996 0.9931640625 0.4735294125 1 0.5009803921875 1 0.5107843140624999 1 0.544117646875 1
0 0.667647059375 1 0.6686274515624999 0.9873046875 0.6568627453125 0.9638671875 0.640196078125 0.953125 0.6225490203125 0.94921875 0.6068627453125 0.94921875 0.5852941171875 0.955078125 0.578431371875 0.9619140625 0.5705882359375 0.9794921875 0.5705882359375 0.9912109375 0.5666666671875 0.9970703125 0.567647059375 1 0.667647059375 1
0 0.3794117640625 0.966796875 0.41078431406249993 0.966796875 0.43039215625000005 0.9609375 0.448039215625 0.94921875 0.46862745156249996 0.9267578125 0.4735294125 0.908203125 0.4725490203125 0.8876953125 0.455882353125 0.8671875 0.44607843125 0.86328125 0.4147058828125 0.86328125 0.3264705875 0.8984375 0.321568628125 0.9033203125 0.321568628125 0.9326171875 0.340196078125 0.955078125 0.35392156875 0.9609375 0.3794117640625 0.966796875
0 0.3090196078125 0.774609375 0.305882353125 0.785546875 0.29921568593750003 0.804296875 0.29607843125 0.820703125 0.2952941171875 0.83984375 0.298431371875 0.85859375 0.3074509796875 0.88203125 0.325882353125 0.889453125 0.35960784375 0.87421875 0.3886274515625 0.86015625 0.41372549062499997 0.855078125 0.43294117656250003 0.83125 0.43490196093750005 0.80078125 0.422352940625 0.776953125 0.410196078125 0.76015625 0.3949019609375 0.748828125 0.36745097968749996 0.7453125 0.338039215625 0.751953125 0.322352940625 0.7609375 0.3090196078125 0.774609375
0 0.318431371875 0.8890625 0.29764705937499997 0.875390625 0.278039215625 0.871875 0.26039215625 0.8765625 0.2431372546875 0.889453125 0.229803921875 0.9234375 0.2313725484375 0.951953125 0.24196078437500002 0.952734375 0.269803921875 0.962109375 0.3011764703125 0.97421875 0.31058823593749996 0.973046875 0.317647059375 0.971484375 0.334117646875 0.958984375 0.3325490203125 0.9484375 0.3207843140625 0.93125 0.315686275 0.91328125 0.326274509375 0.89375 0.318431371875 0.8890625
0 0.264313725 0.812890625 0.23686274531249998 0.816015625 0.20627450937499997 0.817578125 0.174117646875 0.8171875 0.16823529375 0.825 0.1709803921875 0.866796875 0.1854901953125 0.898046875 0.19843137187499998 0.913671875 0.2074509796875 0.91875 0.2266666671875 0.922265625 0.2309803921875 0.921484375 0.24 0.90078125 0.24666666718750002 0.889453125 0.2568627453125 0.878515625 0.2666666671875 0.872265625 0.27176470625000004 0.86640625 0.27490196093749997 0.8515625 0.2709803921875 0.81484375 0.264313725 0.812890625
0 0.23176470624999998 0.67109375 0.218431371875 0.645703125 0.1874509796875 0.63828125 0.166274509375 0.645703125 0.134117646875 0.67421875 0.125882353125 0.7 0.130196078125 0.728515625 0.14666666718750002 0.755859375 0.161568628125 0.762890625 0.185882353125 0.761328125 0.2129411765625 0.748828125 0.23254902031250002 0.73046875 0.2392156859375 0.705859375 0.23176470624999998 0.67109375
0 0 0.892578125 0.0266666671875 0.899609375 0.045490195312499995 0.90078125 0.058039215624999994 0.901171875 0.07764705937500001 0.894921875 0.0933333328125 0.87578125 0.101960784375 0.834765625 0.1 0.827734375 0.0831372546875 0.80234375 0.06823529375000001 0.79453125 0.0572549015625 0.790234375 0.0309803921875 0.784765625 0.0031372546874999995 0.7890625 0 0.7890625 0 0.890625 0 0.892578125
0 0.1709803921875 0.937109375 0.14156862812499998 0.934765625 0.12 0.93671875 0.098039215625 0.9484375 0.0729411765625 0.97890625 0.0647058828125 0.99765625 0.2094117640625 1 0.21058823593749998 0.990234375 0.2125490203125 0.964453125 0.1925490203125 0.9421875 0.1709803921875 0.937109375
0 0.453725490625 0.615625 0.44823529375 0.651171875 0.45999999999999996 0.675 0.474117646875 0.694921875 0.49098039218749995 0.70546875 0.5149019609375001 0.714453125 0.518039215625 0.712890625 0.5349019609375001 0.693359375 0.5549019609375 0.67265625 0.590196078125 0.656640625 0.602352940625 0.631640625 0.5772549015624999 0.611328125 0.5411764703124999 0.596875 0.5050980390625 0.58984375 0.484313725 0.5921875 0.453725490625 0.615625
0 0.5411764703124999 0.766015625 0.56039215625 0.775 0.5788235296875001 0.784375 0.6054901953125 0.79375 0.6392156859375 0.781640625 0.662352940625 0.764453125 0.6105882359375 0.665234375 0.581568628125 0.66953125 0.5592156859374999 0.67890625 0.525882353125 0.70546875 0.5105882359375 0.728515625 0.5125490203124999 0.75078125 0.518039215625 0.75625 0.5411764703124999 0.766015625
0 0.470196078125 0.5 0.44196078437499997 0.487109375 0.4164705875 0.499609375 0.3925490203125 0.495703125 0.35411764687499997 0.485546875 0.3333333328125 0.494921875 0.3329411765625 0.50625 0.33960784374999997 0.53046875 0.35529411718750004 0.5453125 0.3874509796875 0.57265625 0.3968627453125 0.5765625 0.43803921562500003 0.5921875 0.46784313749999995 0.580859375 0.4835294125 0.554296875 0.48392156875000003 0.520703125 0.470196078125 0.5
0 0.29294117656249996 0.5578125 0.3 0.51171875 0.28980392187500004 0.490625 0.250196078125 0.474609375 0.23529411718749998 0.475390625 0.2090196078125 0.487890625 0.1949019609375 0.5 0.17686274531249999 0.519140625 0.175686275 0.54765625 0.19176470625 0.576953125 0.2164705875 0.591015625 0.235686275 0.596484375 0.2678431375 0.591796875 0.29294117656249996 0.5578125
0 0.10588235312500001 0.533984375 0.0921568625 0.546484375 0.08 0.556640625 0.06274509843750001 0.57265625 0.0521568625 0.577734375 0.054509804687499996 0.591796875 0.07098039218749999 0.614453125 0.0925490203125 0.623046875 0.11568627499999999 0.628515625 0.1349019609375 0.628125 0.1611764703125 0.6234375 0.1811764703125 0.61171875 0.1988235296875 0.59296875 0.1992156859375 0.580859375 0.1831372546875 0.566796875 0.175686275 0.54765625 0.174117646875 0.52890625 0.174117646875 0.5171875 0.1564705875 0.512890625 0.1305882359375 0.51015625 0.1168627453125 0.516796875 0.10588235312500001 0.533984375
0 0 0.563671875 0.0164705875 0.576171875 0.0431372546875 0.577734375 0.061176470312499995 0.574609375 0.0733333328125 0.563671875 0.0925490203125 0.54453125 0.1149019609375 0.52421875 0.12196078437499999 0.505078125 0.1211764703125 0.475 0.10549019531249999 0.460546875 0.09372549062499999 0.457421875 0.06823529375000001 0.4546875 0.046274509375 0.4578125 0.0231372546875 0.46640625 0 0.4859375 0 0.563671875
0 0.2188235296875 0.478125 0.246274509375 0.470703125 0.26 0.462109375 0.258039215625 0.446875 0.24705882343750002 0.4015625 0.2211764703125 0.392578125 0.19058823593750002 0.3875 0.1654901953125 0.395703125 0.144313725 0.40703125 0.1278431375 0.426171875 0.118039215625 0.44296875 0.1235294125 0.46484375 0.14196078437499998 0.492578125 0.165882353125 0.505078125 0.1866666671875 0.50703125 0.2188235296875 0.478125
0 0.29921568593750003 0.519921875 0.2945098046875 0.553515625 0.28352941249999997 0.570703125 0.269803921875 0.596875 0.2788235296875 0.603125 0.304313725 0.615625 0.33725490156250004 0.617578125 0.37176470625 0.601953125 0.389803921875 0.580859375 0.3878431375 0.576171875 0.36431372500000003 0.55703125 0.3447058828125 0.536328125 0.335686275 0.52421875 0.3305882359375 0.506640625 0.32039215625 0.49375 0.30156862812499996 0.503125 0.29921568593750003 0.519921875
0 0.43490196093750005 0.38984375 0.395686275 0.37890625 0.3690196078125 0.37890625 0.344313725 0.4015625 0.3345098046875 0.430859375 0.3278431375 0.469140625 0.3250980390625 0.4703125 0.33725490156250004 0.47890625 0.3913725484375 0.5 0.418039215625 0.500390625 0.4407843140625 0.484375 0.45647058749999997 0.465625 0.45607843125 0.453515625 0.4431372546875 0.433203125 0.4427450984375 0.409765625 0.43490196093750005 0.38984375
0 0.221960784375 0.740234375 0.20196078437499998 0.755078125 0.175686275 0.764453125 0.158039215625 0.7671875 0.155686275 0.7859375 0.165882353125 0.802734375 0.1764705875 0.816015625 0.2729411765625 0.8125 0.29019607812500003 0.8046875 0.29764705937499997 0.784375 0.294117646875 0.756640625 0.2670588234375 0.72265625 0.23960784375 0.724609375 0.221960784375 0.740234375
0 0.7349019609375 1 0.7521568624999999 0.9734375 0.7541176468749999 0.9390625 0.737647059375 0.90234375 0.7254901953124999 0.8921875 0.695686275 0.884375 0.6654901953125 0.896875 0.6435294125000001 0.919921875 0.6188235296875 0.947265625 0.62039215625 0.947265625 0.6349019609375001 0.9515625 0.6549019609375 0.965234375 0.6674509796875 0.98203125 0.6686274515624999 0.994921875 0.6670588234375 1 0.7349019609375 1
1 0.5686274515624999 0.9111328125 0.5931372546875 0.939453125 0.5990196078125 0.94140625 0.6147058828125 0.94140625 0.6264705875 0.935546875 0.648039215625 0.912109375 0.6470588234375 0.8935546875 0.63039215625 0.876953125 0.6127450984375 0.869140625 0.5911764703125 0.8671875 0.5794117640625001 0.87109375 0.5647058828125 0.8876953125 0.5647058828125 0.9013671875 0.5686274515624999 0.9111328125
1 0.2431372546875 0.6982421875 0.25 0.70703125 0.265686275 0.70703125 0.28431372499999996 0.6904296875 0.29019607812500003 0.6787109375 0.2950980390625 0.654296875 0.29607843125 0.6455078125 0.28823529375 0.6298828125 0.286274509375 0.6181640625 0.282352940625 0.6103515625 0.2754901953125 0.60546875 0.26960784375 0.60546875 0.2421568625 0.619140625 0.2274509796875 0.6318359375 0.2254901953125 0.6533203125 0.2431372546875 0.6982421875
1 0.286274509375 0.4365234375 0.2970588234375 0.447265625 0.3049019609375 0.44921875 0.3264705875 0.44140625 0.3392156859375 0.4267578125 0.344117646875 0.412109375 0.3450980390625 0.4013671875 0.3411764703125 0.3935546875 0.332352940625 0.384765625 0.3166666671875 0.3828125 0.2970588234375 0.390625 0.28039215624999997 0.4072265625 0.278431371875 0.4169921875 0.286274509375 0.4365234375