0 0.2587890625 0.0509803921875 0.2373046875 0.0450980390625 0.2099609375 0.0470588234375 0.1943359375 0.05490196093750001 0.1796875 0.06960784375 0.171875 0.0872549015625 0.173828125 0.1088235296875 0.177734375 0.1166666671875 0.2060546875 0.1431372546875 0.2275390625 0.1529411765625 0.24609375 0.151960784375 0.2646484375 0.1470588234375 0.271484375 0.14019607812499998 0.27734375 0.12058823593750001 0.2890625 0.1068627453125 0.291015625 0.0970588234375 0.287109375 0.0813725484375 0.27734375 0.065686275 0.2587890625 0.0509803921875
0 0.1572265625 0.12745097968750002 0.1435546875 0.13333333281249998 0.119140625 0.151960784375 0.109375 0.17941176406249998 0.109375 0.1931372546875 0.1171875 0.22450980468749998 0.125 0.23823529375 0.1474609375 0.2549019609375 0.171875 0.25588235312499996 0.1884765625 0.2490196078125 0.20703125 0.22647058750000001 0.216796875 0.2029411765625 0.21875 0.1754901953125 0.2109375 0.15392156875000002 0.1962890625 0.1372549015625 0.1767578125 0.12745097968750002 0.1572265625 0.12745097968750002
0 0.3408203125 0.094117646875 0.3251953125 0.094117646875 0.2958984375 0.10392156875 0.279296875 0.12254902031249999 0.271484375 0.148039215625 0.2734375 0.1774509796875 0.2919921875 0.20196078437499998 0.3017578125 0.20588235312499997 0.330078125 0.20490196093750002 0.3447265625 0.20196078437499998 0.3642578125 0.190196078125 0.375 0.17941176406249998 0.3828125 0.159803921875 0.3828125 0.134313725 0.376953125 0.11862745156250001 0.3623046875 0.10392156875 0.3408203125 0.094117646875
0 0.4072265625 0.0666666671875 0.39453125 0.0813725484375 0.388671875 0.0950980390625 0.388671875 0.12058823593750001 0.3984375 0.144117646875 0.4150390625 0.1607843140625 0.4267578125 0.1607843140625 0.4345703125 0.1568627453125 0.47265625 0.159803921875 0.482421875 0.15392156875000002 0.501953125 0.12254902031249999 0.501953125 0.10294117656249999 0.490234375 0.0794117640625 0.4794921875 0.0686274515625 0.4501953125 0.0568627453125 0.4306640625 0.0568627453125 0.4072265625 0.0666666671875
0 0.4873046875 0.1666666671875 0.4462890625 0.1627450984375 0.4326171875 0.1627450984375 0.4091796875 0.1666666671875 0.392578125 0.1754901953125 0.3828125 0.2088235296875 0.376953125 0.23431372499999997 0.3828125 0.24803921562500003 0.4033203125 0.2686274515625 0.41796875 0.271568628125 0.4462890625 0.2666666671875 0.4755859375 0.2450980390625 0.48828125 0.24019607812500002 0.490234375 0.228431371875 0.51171875 0.2029411765625 0.51171875 0.1872549015625 0.4951171875 0.1705882359375 0.4873046875 0.1666666671875
0 0.3330078125 0.2490196078125 0.3056640625 0.2588235296875 0.28515625 0.2813725484375 0.27734375 0.3009803921875 0.27734375 0.334313725 0.287109375 0.351960784375 0.3017578125 0.36274509843749997 0.3134765625 0.36666666718749996 0.337890625 0.365686275 0.3681640625 0.3529411765625 0.384765625 0.33627450937500003 0.396484375 0.3068627453125 0.396484375 0.2833333328125 0.392578125 0.2754901953125 0.3759765625 0.2588235296875 0.3544921875 0.2490196078125 0.3330078125 0.2490196078125
0 0.2041015625 0.2529411765625 0.1748046875 0.2647058828125 0.15625 0.2813725484375 0.1484375 0.2950980390625 0.14453125 0.3107843140625 0.146484375 0.33823529375 0.15234375 0.35 0.1669921875 0.3647058828125 0.1826171875 0.37254902031250003 0.208984375 0.3735294125 0.2392578125 0.3607843140625 0.255859375 0.340196078125 0.26171875 0.3225490203125 0.26171875 0.2892156859375 0.2578125 0.2774509796875 0.2451171875 0.2588235296875 0.2275390625 0.2529411765625 0.2041015625 0.2529411765625
0 0.2470703125 0.42941176406250003 0.2197265625 0.43921568593750004 0.197265625 0.4578431375 0.189453125 0.4735294125 0.189453125 0.4990196078125 0.19921875 0.5225490203125001 0.2099609375 0.5333333328125 0.2529296875 0.5450980390625 0.26953125 0.544117646875 0.2861328125 0.5372549015625 0.30078125 0.5166666671875 0.30859375 0.4911764703125 0.30859375 0.4735294125 0.302734375 0.4578431375 0.2822265625 0.43333333281249997 0.2744140625 0.42941176406250003 0.2470703125 0.42941176406250003
0 0.4306640625 0.282352940625 0.4140625 0.2931372546875 0.408203125 0.3147058828125 0.408203125 0.359803921875 0.41796875 0.3794117640625 0.4365234375 0.398039215625 0.4482421875 0.40196078437500005 0.470703125 0.40098039218750003 0.49609375 0.3892156859375 0.509765625 0.36960784375 0.515625 0.344117646875 0.51171875 0.3166666671875 0.501953125 0.2950980390625 0.4873046875 0.282352940625 0.4560546875 0.27647058750000003 0.4306640625 0.282352940625
0 0.3095703125 0.5392156859375 0.2900390625 0.5392156859375 0.2509765625 0.5509803921875001 0.236328125 0.563725490625 0.2265625 0.5833333328125 0.2265625 0.6107843140625 0.236328125 0.6343137249999999 0.2470703125 0.6431372546875 0.2607421875 0.6490196078125 0.28515625 0.648039215625 0.2998046875 0.6431372546875 0.3193359375 0.6313725484375 0.333984375 0.6127450984375 0.341796875 0.5911764703125 0.34375 0.571568628125 0.337890625 0.555882353125 0.3291015625 0.5470588234375 0.3095703125 0.5392156859375
0 0.3857421875 0.5725490203125 0.3642578125 0.5803921562500001 0.3515625 0.5931372546875 0.34375 0.6068627453125 0.33984375 0.6166666671875001 0.33984375 0.655882353125 0.345703125 0.6735294125 0.3525390625 0.68039215625 0.3662109375 0.682352940625 0.3818359375 0.690196078125 0.408203125 0.6892156859375 0.4248046875 0.6705882359374999 0.435546875 0.663725490625 0.44140625 0.65 0.44140625 0.6068627453125 0.439453125 0.5970588234374999 0.4287109375 0.5803921562500001 0.4111328125 0.5725490203125 0.3857421875 0.5725490203125
0 0.2880859375 0.6568627453125 0.2724609375 0.6666666671875 0.259765625 0.6813725484375001 0.25 0.7088235296875001 0.25 0.732352940625 0.25390625 0.744117646875 0.2783203125 0.7666666671875 0.298828125 0.765686275 0.3115234375 0.7627450984374999 0.3359375 0.744117646875 0.34765625 0.7127450984375 0.34765625 0.6990196078124999 0.3359375 0.6696078437499999 0.3291015625 0.6607843140624999 0.3134765625 0.6529411765625001 0.2880859375 0.6568627453125
0 0.2265625 0.7578431375 0.21484375 0.7970588234375 0.21484375 0.8049019609375 0.228515625 0.8245098046875 0.23046875 0.83823529375 0.23046875 0.8774509796875 0.2265625 0.8911764703125 0.2353515625 0.901960784375 0.283203125 0.9029411765625 0.3037109375 0.894117646875 0.314453125 0.8754901953124999 0.3125 0.8166666671874999 0.3046875 0.7950980390625 0.2919921875 0.7823529406249999 0.2509765625 0.7470588234375 0.2373046875 0.7450980390625 0.2265625 0.7578431375
0 0.21875 0.8127450984375001 0.2080078125 0.798039215625 0.1904296875 0.7901960781249999 0.1767578125 0.7921568625 0.1533203125 0.8019607843750001 0.130859375 0.828431371875 0.123046875 0.85392156875 0.123046875 0.8676470593750001 0.1328125 0.8911764703125 0.1552734375 0.91176470625 0.1728515625 0.917647059375 0.181640625 0.9166666671874999 0.1923828125 0.915686275 0.2119140625 0.9039215687500001 0.224609375 0.8872549015625 0.224609375 0.8774509796875 0.216796875 0.85392156875 0.216796875 0.834313725 0.220703125 0.8264705875 0.21875 0.8127450984375001
0 0.1123046875 0.7274509796874999 0.0966796875 0.7274509796874999 0.0751953125 0.7411764703125 0.0478515625 0.7470588234375 0.0390625 0.755882353125 0.044921875 0.7911764703124999 0.046875 0.8049019609375 0.0673828125 0.8352941171875001 0.083984375 0.8656862750000001 0.0869140625 0.8705882359375 0.09375 0.8696078437500001 0.111328125 0.85392156875 0.11328125 0.8441176468749999 0.134765625 0.8186274515624999 0.154296875 0.7794117640625 0.154296875 0.76960784375 0.138671875 0.75 0.1279296875 0.7372549015625001 0.1123046875 0.7274509796874999
0 0.1669921875 0.58823529375 0.1357421875 0.58823529375 0.1142578125 0.601960784375 0.091796875 0.6264705875 0.091796875 0.6578431375 0.099609375 0.6872549015625 0.1162109375 0.7098039218750001 0.134765625 0.7127450984375 0.1572265625 0.7078431375 0.1806640625 0.6980392156249999 0.193359375 0.6833333328125 0.203125 0.663725490625 0.205078125 0.6421568625 0.201171875 0.6225490203125 0.189453125 0.6049019609374999 0.1669921875 0.58823529375
0 0 0.7245098046875 0.0224609375 0.7372549015625001 0.0302734375 0.7450980390625 0.046875 0.744117646875 0.0712890625 0.7392156859375001 0.087890625 0.7264705874999999 0.09375 0.7049019609375 0.091796875 0.6852941171875 0.076171875 0.65392156875 0.0556640625 0.6333333328124999 0.0361328125 0.6254901953124999 0.0107421875 0.6254901953124999 0 0.6323529406249999 0 0.7245098046875
0 0.5888671875 0.70392156875 0.5576171875 0.713725490625 0.5361328125 0.7254901953124999 0.5234375 0.7382352937500001 0.51953125 0.7617647062499999 0.52734375 0.7813725484375 0.5439453125 0.79607843125 0.5732421875 0.8058823531250001 0.595703125 0.8049019609375 0.6162109375 0.79607843125 0.63671875 0.7794117640625 0.64453125 0.7617647062499999 0.64453125 0.744117646875 0.638671875 0.73039215625 0.6259765625 0.7176470593750001 0.6142578125 0.7098039218750001 0.5888671875 0.70392156875
0 0.5185546875 0.6039215687499999 0.4990234375 0.6039215687499999 0.4697265625 0.6176470593750001 0.455078125 0.6343137249999999 0.451171875 0.6813725484375001 0.4609375 0.7049019609375 0.4775390625 0.7235294125 0.4892578125 0.7294117640625 0.515625 0.728431371875 0.5224609375 0.7254901953124999 0.5380859375 0.7098039218750001 0.55078125 0.7049019609375 0.5546875 0.663725490625 0.552734375 0.6460784312500001 0.544921875 0.6264705875 0.5302734375 0.609803921875 0.5185546875 0.6039215687499999
0 0.6474609375 0.590196078125 0.6279296875 0.598039215625 0.6123046875 0.6 0.5654296875 0.621568628125 0.560546875 0.63039215625 0.560546875 0.6421568625 0.568359375 0.6754901953125 0.576171875 0.6872549015625 0.5849609375 0.694117646875 0.6083984375 0.6980392156249999 0.6298828125 0.71176470625 0.650390625 0.7127450984375 0.6728515625 0.70392156875 0.677734375 0.6970588234374999 0.677734375 0.6833333328125 0.669921875 0.665686275 0.66796875 0.651960784375 0.671875 0.5950980390625 0.6591796875 0.590196078125 0.6474609375 0.590196078125
0 0.8974609375 0.7352941171875 0.861328125 0.76960784375 0.859375 0.8068627453125 0.8671875 0.8205882359375 0.8798828125 0.8313725484375001 0.9111328125 0.8431372546875 0.935546875 0.8421568625000001 0.9580078125 0.8313725484375001 0.966796875 0.8225490203125 0.97265625 0.8029411765625 0.97265625 0.7754901953125 0.96875 0.763725490625 0.9541015625 0.7450980390625 0.9345703125 0.7352941171875 0.8974609375 0.7352941171875
0 0.8271484375 0.8019607843750001 0.8095703125 0.8019607843750001 0.7939453125 0.8058823531250001 0.77734375 0.8147058828124999 0.763671875 0.834313725 0.755859375 0.85392156875 0.7578125 0.8852941171875001 0.7646484375 0.8921568625 0.77734375 0.8911764703125 0.7900390625 0.886274509375 0.8564453125 0.8745098046875001 0.861328125 0.8696078437500001 0.86328125 0.836274509375 0.85546875 0.8186274515624999 0.8486328125 0.81176470625 0.8408203125 0.8058823531250001 0.8271484375 0.8019607843750001
0 0.7392578125 0.71176470625 0.7236328125 0.71960784375 0.7109375 0.732352940625 0.705078125 0.7460784312500001 0.705078125 0.76960784375 0.716796875 0.7970588234375 0.7392578125 0.81176470625 0.76171875 0.8127450984375001 0.7861328125 0.8019607843750001 0.8046875 0.7833333328125 0.814453125 0.7617647062499999 0.814453125 0.748039215625 0.810546875 0.736274509375 0.7900390625 0.713725490625 0.7822265625 0.7098039218750001 0.7392578125 0.71176470625
0 0.7353515625 0.5725490203125 0.7080078125 0.5725490203125 0.6904296875 0.582352940625 0.6796875 0.5950980390625 0.67578125 0.655882353125 0.6796875 0.671568628125 0.6982421875 0.68823529375 0.7265625 0.6892156859375 0.7470703125 0.682352940625 0.765625 0.665686275 0.775390625 0.6343137249999999 0.775390625 0.6245098046875001 0.7734375 0.6127450984375 0.765625 0.5970588234374999 0.7548828125 0.584313725 0.7353515625 0.5725490203125
0 0.8193359375 0.498039215625 0.8056640625 0.505882353125 0.78515625 0.528431371875 0.78125 0.54607843125 0.78515625 0.563725490625 0.798828125 0.5872549015625 0.8173828125 0.6039215687499999 0.8291015625 0.609803921875 0.86328125 0.6088235296875 0.8818359375 0.598039215625 0.892578125 0.5852941171875 0.900390625 0.559803921875 0.89453125 0.53039215625 0.8759765625 0.5078431375 0.8623046875 0.5 0.8505859375 0.49607843125000006 0.8193359375 0.498039215625
0 0.8857421875 0.3921568625 0.8642578125 0.40196078437500005 0.8486328125 0.40392156874999996 0.83984375 0.4147058828125 0.8359375 0.436274509375 0.830078125 0.44607843125 0.833984375 0.46764705937500006 0.8564453125 0.4921568625 0.8642578125 0.49607843125000006 0.8818359375 0.5 0.90234375 0.4990196078125 0.9287109375 0.4921568625 0.9453125 0.4735294125 0.953125 0.45392156874999995 0.953125 0.436274509375 0.94921875 0.4205882359375 0.9267578125 0.4 0.9111328125 0.394117646875 0.8857421875 0.3921568625
0 1 0.2794117640625 0.9951171875 0.27450980468749997 0.9755859375 0.2666666671875 0.9462890625 0.2686274515625 0.9228515625 0.282352940625 0.9140625 0.2931372546875 0.90625 0.3166666671875 0.90625 0.348039215625 0.9140625 0.367647059375 0.9208984375 0.37254902031250003 0.9482421875 0.382352940625 0.970703125 0.3813725484375 0.9775390625 0.38039215625 1 0.367647059375 1 0.2794117640625
0 0.8349609375 0.2450980390625 0.8212890625 0.2509803921875 0.8125 0.259803921875 0.802734375 0.2774509796875 0.802734375 0.32058823593749997 0.810546875 0.340196078125 0.8271484375 0.3568627453125 0.8427734375 0.3647058828125 0.85546875 0.365686275 0.8759765625 0.36274509843749997 0.89453125 0.35 0.900390625 0.334313725 0.904296875 0.2990196078125 0.89453125 0.2754901953125 0.8779296875 0.2549019609375 0.8544921875 0.2450980390625 0.8349609375 0.2450980390625
0 0.7314453125 0.27450980468749997 0.7041015625 0.28823529375 0.6953125 0.2990196078125 0.685546875 0.328431371875 0.685546875 0.35392156875 0.69140625 0.3735294125 0.7060546875 0.38823529375 0.7294921875 0.398039215625 0.75 0.3970588234375 0.7607421875 0.39607843125 0.7734375 0.38333333281250004 0.7890625 0.359803921875 0.794921875 0.328431371875 0.791015625 0.3049019609375 0.7783203125 0.286274509375 0.7548828125 0.27450980468749997 0.7314453125 0.27450980468749997
0 0.5087890625 0.21960784375000003 0.498046875 0.228431371875 0.484375 0.2774509796875 0.498046875 0.2852941171875 0.509765625 0.30294117656249997 0.51953125 0.3264705875 0.5263671875 0.3333333328125 0.5400390625 0.3392156859375 0.5546875 0.33823529375 0.5712890625 0.33137254843749997 0.5859375 0.3107843140625 0.591796875 0.2794117640625 0.5859375 0.25196078437499997 0.57421875 0.232352940625 0.5576171875 0.21960784375000003 0.5400390625 0.213725490625 0.5087890625 0.21960784375000003
0 0.5908203125 0.1372549015625 0.5576171875 0.1490196078125 0.541015625 0.163725490625 0.53515625 0.1735294125 0.533203125 0.1931372546875 0.537109375 0.20098039218750002 0.5947265625 0.24117647031249997 0.6025390625 0.2450980390625 0.619140625 0.244117646875 0.6474609375 0.23529411718749998 0.662109375 0.2205882359375 0.666015625 0.2107843140625 0.666015625 0.1911764703125 0.662109375 0.17941176406249998 0.6435546875 0.1568627453125 0.6142578125 0.1392156859375 0.5908203125 0.1372549015625
0 0.7509765625 0.1372549015625 0.7236328125 0.1372549015625 0.7138671875 0.1411764703125 0.685546875 0.165686275 0.6796875 0.1774509796875 0.6796875 0.2107843140625 0.6875 0.22450980468749998 0.7099609375 0.2392156859375 0.734375 0.24019607812500002 0.7490234375 0.23529411718749998 0.7646484375 0.22352941249999997 0.783203125 0.2029411765625 0.791015625 0.1852941171875 0.791015625 0.167647059375 0.787109375 0.16176470625 0.7724609375 0.1470588234375 0.7509765625 0.1372549015625
0 0.6962890625 0.01176470625 0.6787109375 0.01960784375 0.658203125 0.04607843125 0.654296875 0.057843137499999996 0.654296875 0.0892156859375 0.662109375 0.1088235296875 0.6767578125 0.1254901953125 0.6884765625 0.13333333281249998 0.7021484375 0.1372549015625 0.71875 0.13627450937500002 0.7294921875 0.13333333281249998 0.751953125 0.1049019609375 0.759765625 0.08333333281250001 0.76171875 0.05588235312499999 0.751953125 0.032352940625 0.7373046875 0.015686275 0.7216796875 0.01176470625 0.6962890625 0.01176470625
0 0.48828125 0.030392156250000003 0.48828125 0.05 0.49609375 0.06960784375 0.5185546875 0.09607843125 0.5302734375 0.101960784375 0.556640625 0.10098039218749999 0.5654296875 0.098039215625 0.572265625 0.09117647031250001 0.591796875 0.057843137499999996 0.59765625 0.040196078125 0.603515625 0.0009803921875 0.5029296875 0 0.4921875 0.014705882812500001 0.48828125 0.030392156250000003
0 0.8818359375 0.015686275 0.8603515625 0.027450979687499998 0.849609375 0.038235293749999996 0.841796875 0.057843137499999996 0.84375 0.08333333281250001 0.857421875 0.1107843140625 0.8798828125 0.1294117640625 0.916015625 0.13039215625 0.9365234375 0.11960784375 0.947265625 0.1088235296875 0.955078125 0.09117647031250001 0.955078125 0.059803921875 0.9453125 0.040196078125 0.9267578125 0.0235294125 0.9072265625 0.015686275 0.8818359375 0.015686275
0 0.916015625 0.2107843140625 0.916015625 0.23823529375 0.9267578125 0.2509803921875 0.9482421875 0.2647058828125 0.962890625 0.263725490625 0.9755859375 0.2588235296875 1 0.24019607812500002 0.9990234375 0.1470588234375 0.9814453125 0.14509803906250002 0.9521484375 0.1568627453125 0.93359375 0.171568628125 0.919921875 0.1950980390625 0.916015625 0.2107843140625
1 0.8564453125 0.1568627453125 0.8447265625 0.1607843140625 0.837890625 0.167647059375 0.830078125 0.1833333328125 0.830078125 0.20490196093750002 0.83984375 0.2225490203125 0.8466796875 0.22941176406250002 0.8671875 0.232352940625 0.8798828125 0.2313725484375 0.8935546875 0.2254901953125 0.900390625 0.21862745156250002 0.908203125 0.1990196078125 0.908203125 0.1852941171875 0.90234375 0.16960784375 0.8818359375 0.1568627453125 0.8564453125 0.1568627453125
1 0.7822265625 0.0647058828125 0.765625 0.0774509796875 0.759765625 0.10294117656249999 0.7724609375 0.12745097968750002 0.7802734375 0.1294117640625 0.7998046875 0.1490196078125 0.80859375 0.15 0.8212890625 0.1470588234375 0.83203125 0.134313725 0.83203125 0.12254902031249999 0.8359375 0.1147058828125 0.833984375 0.10294117656249999 0.8095703125 0.0666666671875 0.7978515625 0.06274509843750001 0.7822265625 0.0647058828125
1 0.587890625 0.3107843140625 0.578125 0.332352940625 0.5908203125 0.3470588234375 0.6181640625 0.36274509843749997 0.6357421875 0.36666666718749996 0.65234375 0.365686275 0.6650390625 0.3607843140625 0.67578125 0.351960784375 0.681640625 0.33627450937500003 0.68359375 0.3147058828125 0.6279296875 0.282352940625 0.5966796875 0.278431371875 0.591796875 0.2872549015625 0.587890625 0.3107843140625
1 0.7646484375 0.4490196078125 0.75390625 0.459803921875 0.7421875 0.48333333281249996 0.7421875 0.49705882343749996 0.751953125 0.5147058828125 0.7666015625 0.5235294125000001 0.779296875 0.5245098046875001 0.7900390625 0.51960784375 0.8017578125 0.505882353125 0.8203125 0.4911764703125 0.8203125 0.471568628125 0.810546875 0.448039215625 0.8017578125 0.4431372546875 0.7724609375 0.4450980390625 0.7646484375 0.4490196078125
1 1 0.463725490625 0.9794921875 0.4490196078125 0.9599609375 0.4470588234375 0.951171875 0.459803921875 0.947265625 0.4735294125 0.921875 0.5009803921875 0.9248046875 0.505882353125 0.9638671875 0.5294117640625 0.99609375 0.53039215625 1 0.528431371875 1 0.463725490625
1 0.8154296875 0.6372549015625 0.7880859375 0.6450980390625001 0.78125 0.667647059375 0.78125 0.6833333328125 0.787109375 0.7009803921875 0.8076171875 0.7254901953124999 0.822265625 0.7264705874999999 0.8330078125 0.7235294125 0.8447265625 0.715686275 0.857421875 0.6931372546875 0.857421875 0.671568628125 0.853515625 0.6578431375 0.8388671875 0.6411764703125 0.8291015625 0.6372549015625 0.8154296875 0.6372549015625
1 0.6396484375 0.5470588234375 0.6025390625 0.5490196078125 0.5849609375 0.5568627453125 0.556640625 0.5794117640625001 0.552734375 0.6009803921875 0.5546875 0.6088235296875 0.5615234375 0.6176470593750001 0.57421875 0.6166666671875001 0.6201171875 0.594117646875 0.6455078125 0.58823529375 0.6669921875 0.58823529375 0.67578125 0.5794117640625001 0.67578125 0.5735294125 0.669921875 0.56176470625 0.6572265625 0.5509803921875001 0.6396484375 0.5470588234375
1 0.6552734375 0.784313725 0.6318359375 0.8 0.62109375 0.8127450984375001 0.62109375 0.828431371875 0.6328125 0.855882353125 0.6435546875 0.8647058828124999 0.66015625 0.8656862750000001 0.6708984375 0.8647058828124999 0.6884765625 0.8568627453125 0.701171875 0.8401960781250001 0.70703125 0.8225490203125 0.70703125 0.8029411765625 0.6884765625 0.786274509375 0.6708984375 0.778431371875 0.6552734375 0.784313725
1 0.4013671875 0.71176470625 0.3818359375 0.721568628125 0.3671875 0.7421568625 0.369140625 0.7617647062499999 0.380859375 0.7774509796875 0.3828125 0.7852941171875 0.3916015625 0.7921568625 0.404296875 0.7931372546875 0.4130859375 0.7921568625 0.4248046875 0.784313725 0.439453125 0.767647059375 0.443359375 0.7539215687499999 0.44140625 0.736274509375 0.43359375 0.7205882359375 0.4189453125 0.7078431375 0.4013671875 0.71176470625
1 0.3330078125 0.8784313718750001 0.3515625 0.8794117640625 0.37109375 0.8578431375 0.373046875 0.8401960781250001 0.3583984375 0.8196078437500001 0.3447265625 0.817647059375 0.3388671875 0.8196078437500001 0.330078125 0.83039215625 0.322265625 0.85392156875 0.3330078125 0.8784313718750001
1 0.0478515625 0.5490196078125 0.033203125 0.56176470625 0.029296875 0.571568628125 0.029296875 0.5794117640625001 0.037109375 0.5950980390625 0.0478515625 0.6058823531249999 0.064453125 0.6068627453125 0.0830078125 0.6 0.099609375 0.5774509796875 0.099609375 0.567647059375 0.09375 0.555882353125 0.0888671875 0.5490196078125 0.0791015625 0.5450980390625 0.0576171875 0.5450980390625 0.0478515625 0.5490196078125
1 0 0.536274509375 0.00390625 0.536274509375 0.0224609375 0.5294117640625 0.0888671875 0.515686275 0.09765625 0.5088235296875 0.095703125 0.49509803906250005 0.087890625 0.48137254843750005 0.0810546875 0.4764705875 0.0537109375 0.46862745156249996 0.0361328125 0.4705882359375 0.0068359375 0.48039215625000004 0 0.4852941171875 0 0.536274509375
1 0.083984375 0.1264705875 0.0859375 0.13627450937500002 0.0908203125 0.1411764703125 0.109375 0.14019607812499998 0.15625 0.1147058828125 0.158203125 0.0970588234375 0.1494140625 0.08431372499999999 0.1416015625 0.08039215625 0.1298828125 0.08039215625 0.1103515625 0.0921568625 0.08984375 0.1107843140625 0.083984375 0.1264705875
1 0.0576171875 0.0372549015625 0.064453125 0.038235293749999996 0.0830078125 0.0352941171875 0.09765625 0.020588235937499998 0.107421875 0.0068627453125 0.107421875 0.0009803921875 0.0380859375 0 0.037109375 0.0068627453125 0.05078125 0.030392156250000003 0.0576171875 0.0372549015625
0 1 0.0049019609375 0.9931640625 0.00392156875 0.978515625 0.0166666671875 0.970703125 0.028431371875 0.966796875 0.040196078125 0.966796875 0.067647059375 0.974609375 0.09117647031250001 0.9853515625 0.101960784375 0.9970703125 0.10980392187500002 1 0.1088235296875 1 0.0049019609375