0 0.8607843140625 0.0205078125 0.86176470625 0.033203125 0.8705882359375 0.0478515625 0.8852941171875001 0.05859375 0.9147058828124999 0.0703125 0.934313725 0.0703125 0.9421568625000001 0.06640625 0.9549019609375 0.0498046875 0.9509803921875 0.0263671875 0.9549019609375 0.0009765625 0.8774509796875 0 0.8607843140625 0.0205078125
0 1 0.1533203125 0.9852941171875 0.14453125 0.9578431374999999 0.14453125 0.9401960781250001 0.15234375 0.9088235296875 0.17578125 0.9039215687500001 0.1826171875 0.9 0.1943359375 0.9009803921874999 0.21484375 0.9058823531250001 0.2314453125 0.9186274515624999 0.244140625 0.934313725 0.25390625 0.955882353125 0.2578125 0.9931372546875 0.251953125 1 0.2451171875 1 0.1533203125
0 0.955882353125 0.140625 1 0.1435546875 0.9990196078125001 0.048828125 0.9813725484375 0.048828125 0.9549019609375 0.0673828125 0.9470588234375 0.0927734375 0.9480392156249999 0.12109375 0.9509803921875 0.1337890625 0.955882353125 0.140625
0 0.9029411765625 0.072265625 0.8872549015625 0.06640625 0.8676470593750001 0.068359375 0.851960784375 0.072265625 0.828431371875 0.087890625 0.81176470625 0.1064453125 0.8107843140625001 0.125 0.813725490625 0.1650390625 0.817647059375 0.1708984375 0.8401960781250001 0.1875 0.863725490625 0.1875 0.8813725484375 0.181640625 0.915686275 0.1513671875 0.9235294125 0.1357421875 0.9235294125 0.1083984375 0.913725490625 0.0869140625 0.9029411765625 0.072265625
0 1 0.3154296875 0.9872549015625 0.30859375 0.9715686281249999 0.306640625 0.95 0.310546875 0.934313725 0.3203125 0.921568628125 0.3330078125 0.913725490625 0.3486328125 0.9127450984375001 0.384765625 0.9235294125 0.4052734375 0.9460784312499999 0.42578125 0.9696078437500001 0.435546875 0.9931372546875 0.43359375 1 0.4267578125 1 0.3154296875
0 0.7254901953124999 0.4150390625 0.7166666671875 0.40625 0.6931372546875 0.3984375 0.6696078437499999 0.3984375 0.648039215625 0.40625 0.6313725484375 0.4189453125 0.6235294125 0.4345703125 0.6245098046875001 0.46484375 0.6294117640625 0.4814453125 0.6441176468750001 0.505859375 0.66176470625 0.513671875 0.6911764703125 0.513671875 0.7166666671875 0.50390625 0.7294117640625 0.4912109375 0.7372549015625001 0.4755859375 0.7392156859375001 0.4560546875 0.7333333328125 0.4306640625 0.7254901953124999 0.4150390625
0 0.9764705875 0.7705078125 0.95392156875 0.751953125 0.9284313718750001 0.7421875 0.9166666671874999 0.744140625 0.9009803921874999 0.75390625 0.8764705875000001 0.7802734375 0.8686274515625 0.8017578125 0.8696078437500001 0.822265625 0.8823529406249999 0.8544921875 0.8931372546875 0.8671875 0.9107843140625 0.875 0.93823529375 0.873046875 0.96176470625 0.857421875 0.982352940625 0.8291015625 0.986274509375 0.8173828125 0.986274509375 0.7939453125 0.982352940625 0.7802734375 0.9764705875 0.7705078125
0 0.8696078437500001 0.5625 0.851960784375 0.5703125 0.8274509796875 0.5927734375 0.8196078437500001 0.6123046875 0.8186274515624999 0.6328125 0.8215686281249999 0.6533203125 0.832352940625 0.669921875 0.85392156875 0.6796875 0.8833333328125 0.6796875 0.8970588234375001 0.673828125 0.921568628125 0.6494140625 0.9392156859374999 0.6181640625 0.9411764703125 0.5966796875 0.8950980390625001 0.564453125 0.8696078437500001 0.5625
0 0.817647059375 0.6396484375 0.817647059375 0.6181640625 0.8235294124999999 0.5966796875 0.8215686281249999 0.5888671875 0.7970588234375 0.572265625 0.7754901953125 0.572265625 0.7529411765625 0.6064453125 0.7450980390625 0.6337890625 0.732352940625 0.64453125 0.7205882359375 0.6484375 0.7186274515625 0.654296875 0.7264705874999999 0.662109375 0.7382352937500001 0.666015625 0.744117646875 0.673828125 0.759803921875 0.681640625 0.7754901953125 0.685546875 0.8029411765625 0.685546875 0.8205882359375 0.6796875 0.8274509796875 0.6708984375 0.8274509796875 0.6630859375 0.817647059375 0.6396484375
0 0.7666666671875 0.5634765625 0.7568627453125 0.5302734375 0.7460784312500001 0.51953125 0.73039215625 0.51171875 0.7088235296875001 0.51171875 0.6970588234374999 0.515625 0.6764705875 0.5341796875 0.6647058828125 0.5498046875 0.6607843140624999 0.5595703125 0.66176470625 0.587890625 0.6647058828125 0.6005859375 0.682352940625 0.6142578125 0.7009803921875 0.640625 0.7127450984375 0.646484375 0.732352940625 0.642578125 0.7450980390625 0.6298828125 0.7490196078125 0.6103515625 0.7627450984374999 0.5908203125 0.7647058828125 0.5830078125 0.7666666671875 0.5634765625
0 0.56960784375 0.462890625 0.54607843125 0.46484375 0.5245098046875001 0.4765625 0.509803921875 0.5029296875 0.5088235296875 0.513671875 0.51960784375 0.5439453125 0.544117646875 0.5703125 0.559803921875 0.576171875 0.6166666671875001 0.580078125 0.6431372546875 0.5615234375 0.6549019609375 0.5341796875 0.6509803921875 0.5205078125 0.6068627453125 0.4765625 0.5892156859375001 0.466796875 0.56960784375 0.462890625
0 0.594117646875 0.6240234375 0.582352940625 0.6083984375 0.5803921562500001 0.5986328125 0.565686275 0.58203125 0.544117646875 0.57421875 0.49509803906250005 0.580078125 0.4872549015625 0.583984375 0.4627450984375 0.6162109375 0.459803921875 0.6328125 0.4607843140625 0.6435546875 0.46764705937500006 0.650390625 0.48137254843750005 0.65625 0.5186274515625 0.65625 0.55 0.681640625 0.565686275 0.681640625 0.5774509796875 0.677734375 0.590196078125 0.6650390625 0.594117646875 0.6533203125 0.594117646875 0.6240234375
1 0.332352940625 1 0.3333333328125 0.9931640625 0.3274509796875 0.9794921875 0.3068627453125 0.958984375 0.2911764703125 0.953125 0.2754901953125 0.95703125 0.2705882359375 0.9619140625 0.2588235296875 0.9833984375 0.25588235312499996 1 0.332352940625 1
1 0.40392156874999996 0.8291015625 0.40294117656250006 0.853515625 0.4078431375 0.8642578125 0.42450980468750005 0.8828125 0.45 0.876953125 0.459803921875 0.87109375 0.46862745156249996 0.8603515625 0.4705882359375 0.8291015625 0.45392156874999995 0.8125 0.42450980468750005 0.8125 0.41078431406249993 0.8203125 0.40392156874999996 0.8291015625
1 0.48137254843750005 0.6640625 0.4725490203125 0.6748046875 0.471568628125 0.69140625 0.4764705875 0.7021484375 0.48333333281249996 0.70703125 0.4990196078125 0.708984375 0.5225490203125001 0.69921875 0.5333333328125 0.6884765625 0.5352941171875 0.6806640625 0.5205882359375 0.66015625 0.5127450984374999 0.65625 0.4911764703125 0.658203125 0.48137254843750005 0.6640625
1 0.63823529375 0.619140625 0.6294117640625 0.6259765625 0.6274509796875 0.6376953125 0.6176470593750001 0.6533203125 0.6186274515625 0.662109375 0.6274509796875 0.6787109375 0.636274509375 0.685546875 0.6735294125 0.6875 0.682352940625 0.6806640625 0.694117646875 0.6630859375 0.69607843125 0.6435546875 0.694117646875 0.6376953125 0.6794117640625 0.623046875 0.671568628125 0.619140625 0.63823529375 0.619140625
1 0.655882353125 0.802734375 0.6509803921875 0.8076171875 0.6470588234375 0.8193359375 0.648039215625 0.83203125 0.6549019609375 0.8505859375 0.6754901953125 0.875 0.6852941171875 0.87890625 0.7127450984375 0.87109375 0.721568628125 0.8623046875 0.7274509796874999 0.8505859375 0.7274509796874999 0.8349609375 0.7176470593750001 0.8173828125 0.6911764703125 0.796875 0.655882353125 0.802734375
1 0.7411764703125 0.9482421875 0.7421568625 0.962890625 0.748039215625 0.978515625 0.755882353125 0.982421875 0.76960784375 0.982421875 0.78823529375 0.9716796875 0.794117646875 0.9599609375 0.794117646875 0.9462890625 0.7833333328125 0.931640625 0.763725490625 0.927734375 0.7470588234375 0.9365234375 0.7411764703125 0.9482421875
1 0.6107843140625 0.91015625 0.5794117640625001 0.91015625 0.5607843140625 0.9326171875 0.559803921875 0.9453125 0.5803921562500001 0.9873046875 0.5911764703125 0.998046875 0.6049019609374999 0.99609375 0.6323529406249999 0.974609375 0.65 0.966796875 0.6549019609375 0.9599609375 0.6549019609375 0.9501953125 0.6431372546875 0.9365234375 0.6264705875 0.90625 0.6107843140625 0.91015625
1 0.6264705875 0.34765625 0.613725490625 0.3583984375 0.6078431375 0.3701171875 0.6068627453125 0.388671875 0.6156862750000001 0.4091796875 0.6186274515625 0.412109375 0.6323529406249999 0.4140625 0.6696078437499999 0.3984375 0.6764705875 0.3876953125 0.6764705875 0.3740234375 0.6725490203125 0.3642578125 0.659803921875 0.353515625 0.648039215625 0.34765625 0.6264705875 0.34765625
1 0.9421568625000001 0.5078125 0.9264705875000001 0.513671875 0.9078431374999999 0.5283203125 0.901960784375 0.5419921875 0.9029411765625 0.560546875 0.9039215687500001 0.5673828125 0.932352940625 0.58984375 0.9401960781250001 0.59375 0.95392156875 0.591796875 0.965686275 0.587890625 0.9764705875 0.5712890625 0.9784313718750001 0.5419921875 0.9725490203125 0.5283203125 0.9578431374999999 0.51171875 0.9421568625000001 0.5078125
1 0.8029411765625 0.171875 0.7794117640625 0.185546875 0.763725490625 0.189453125 0.7421568625 0.19140625 0.732352940625 0.1875 0.71176470625 0.2001953125 0.705882353125 0.2099609375 0.7068627453125 0.220703125 0.7098039218750001 0.2333984375 0.7294117640625 0.2529296875 0.734313725 0.26171875 0.7539215687499999 0.275390625 0.767647059375 0.27734375 0.778431371875 0.2685546875 0.8078431374999999 0.2138671875 0.817647059375 0.1767578125 0.8107843140625001 0.171875 0.8029411765625 0.171875
1 0.3431372546875 0.7763671875 0.3294117640625 0.8017578125 0.33039215624999996 0.8125 0.334313725 0.818359375 0.34607843125 0.82421875 0.363725490625 0.82421875 0.3735294125 0.8203125 0.384313725 0.8056640625 0.384313725 0.7919921875 0.378431371875 0.7783203125 0.365686275 0.76953125 0.35 0.76953125 0.3431372546875 0.7763671875