0 0.0009765625 0.0450980390625 0 0.12254902031249999 0.0205078125 0.1392156859375 0.033203125 0.13823529375000002 0.0478515625 0.1294117640625 0.05859375 0.1147058828125 0.0703125 0.08529411718749999 0.0703125 0.065686275 0.06640625 0.057843137499999996 0.0498046875 0.0450980390625 0.0263671875 0.0490196078125 0.0009765625 0.0450980390625
0 0.1533203125 0 0.14453125 0.014705882812500001 0.14453125 0.042156862499999996 0.15234375 0.059803921875 0.17578125 0.09117647031250001 0.1826171875 0.09607843125 0.1943359375 0.1 0.21484375 0.0990196078125 0.2314453125 0.094117646875 0.244140625 0.0813725484375 0.25390625 0.065686275 0.2578125 0.044117646875 0.251953125 0.0068627453125 0.2451171875 0 0.1533203125 0
0 0.12109375 0.051960784375 0.1337890625 0.0490196078125 0.140625 0.044117646875 0.1435546875 0 0.048828125 0.0009803921875 0.048828125 0.0186274515625 0.0673828125 0.0450980390625 0.0927734375 0.052941176562500004 0.12109375 0.051960784375
0 0.1083984375 0.07647058749999999 0.0869140625 0.086274509375 0.072265625 0.0970588234375 0.06640625 0.1127450984375 0.068359375 0.132352940625 0.072265625 0.148039215625 0.087890625 0.171568628125 0.1064453125 0.18823529375 0.125 0.1892156859375 0.1650390625 0.186274509375 0.1708984375 0.18235294062500002 0.1875 0.159803921875 0.1875 0.13627450937500002 0.181640625 0.11862745156250001 0.1513671875 0.08431372499999999 0.1357421875 0.07647058749999999 0.1083984375 0.07647058749999999
0 0.3154296875 0 0.30859375 0.0127450984375 0.306640625 0.028431371875 0.310546875 0.05 0.3203125 0.065686275 0.3330078125 0.078431371875 0.3486328125 0.086274509375 0.384765625 0.0872549015625 0.4052734375 0.07647058749999999 0.42578125 0.05392156875 0.435546875 0.030392156250000003 0.43359375 0.0068627453125 0.4267578125 0 0.3154296875 0
0 0.4560546875 0.2607843140625 0.4306640625 0.2666666671875 0.4150390625 0.27450980468749997 0.40625 0.2833333328125 0.3984375 0.3068627453125 0.3984375 0.33039215624999996 0.40625 0.351960784375 0.4189453125 0.3686274515625 0.4345703125 0.3764705875 0.46484375 0.3754901953125 0.4814453125 0.3705882359375 0.505859375 0.355882353125 0.513671875 0.33823529375 0.513671875 0.30882352968750004 0.50390625 0.2833333328125 0.4912109375 0.2705882359375 0.4755859375 0.2627450984375 0.4560546875 0.2607843140625
0 0.7939453125 0.013725490625 0.7802734375 0.017647059375 0.7705078125 0.0235294125 0.751953125 0.04607843125 0.7421875 0.071568628125 0.744140625 0.08333333281250001 0.75390625 0.0990196078125 0.7802734375 0.1235294125 0.8017578125 0.1313725484375 0.822265625 0.13039215625 0.8544921875 0.117647059375 0.8671875 0.1068627453125 0.875 0.0892156859375 0.873046875 0.06176470625 0.857421875 0.038235293749999996 0.8291015625 0.017647059375 0.8173828125 0.013725490625 0.7939453125 0.013725490625
0 0.5966796875 0.0588235296875 0.564453125 0.1049019609375 0.5625 0.13039215625 0.5703125 0.148039215625 0.5927734375 0.1725490203125 0.6123046875 0.18039215625 0.6328125 0.1813725484375 0.6533203125 0.178431371875 0.669921875 0.167647059375 0.6796875 0.14607843125 0.6796875 0.1166666671875 0.673828125 0.10294117656249999 0.6494140625 0.078431371875 0.6181640625 0.0607843140625 0.5966796875 0.0588235296875
0 0.6708984375 0.1725490203125 0.6630859375 0.1725490203125 0.6396484375 0.18235294062500002 0.6181640625 0.18235294062500002 0.5966796875 0.1764705875 0.5888671875 0.178431371875 0.572265625 0.2029411765625 0.572265625 0.22450980468749998 0.6064453125 0.24705882343750002 0.6337890625 0.2549019609375 0.64453125 0.267647059375 0.6484375 0.2794117640625 0.654296875 0.2813725484375 0.662109375 0.27352941249999996 0.666015625 0.26176470625000003 0.673828125 0.25588235312499996 0.681640625 0.24019607812500002 0.685546875 0.22450980468749998 0.685546875 0.1970588234375 0.6796875 0.17941176406249998 0.6708984375 0.1725490203125
0 0.5908203125 0.2372549015625 0.5830078125 0.23529411718749998 0.5634765625 0.23333333281250002 0.5302734375 0.2431372546875 0.51953125 0.25392156875 0.51171875 0.26960784375 0.51171875 0.2911764703125 0.515625 0.30294117656249997 0.5341796875 0.3235294125 0.5498046875 0.3352941171875 0.5595703125 0.3392156859375 0.587890625 0.33823529375 0.6005859375 0.3352941171875 0.6142578125 0.317647059375 0.640625 0.2990196078125 0.646484375 0.2872549015625 0.642578125 0.267647059375 0.6298828125 0.2549019609375 0.6103515625 0.2509803921875 0.5908203125 0.2372549015625
0 0.4765625 0.3931372546875 0.466796875 0.41078431406249993 0.462890625 0.43039215625000005 0.46484375 0.45392156874999995 0.4765625 0.4754901953125 0.5029296875 0.490196078125 0.513671875 0.4911764703125 0.5439453125 0.48039215625000004 0.5703125 0.455882353125 0.576171875 0.44019607812499995 0.580078125 0.38333333281250004 0.5615234375 0.3568627453125 0.5341796875 0.3450980390625 0.5205078125 0.34901960781249997 0.4765625 0.3931372546875
0 0.6650390625 0.40980392187500003 0.6533203125 0.405882353125 0.6240234375 0.405882353125 0.6083984375 0.417647059375 0.5986328125 0.41960784375 0.58203125 0.434313725 0.57421875 0.455882353125 0.580078125 0.5049019609375 0.583984375 0.5127450984374999 0.6162109375 0.5372549015625 0.6328125 0.5401960781249999 0.6435546875 0.5392156859375 0.650390625 0.5323529406249999 0.65625 0.5186274515625 0.65625 0.48137254843750005 0.681640625 0.45 0.681640625 0.434313725 0.677734375 0.4225490203125 0.6650390625 0.40980392187500003
1 1 0.667647059375 0.9931640625 0.6666666671875 0.9794921875 0.6725490203125 0.958984375 0.6931372546875 0.953125 0.7088235296875001 0.95703125 0.7245098046875 0.9619140625 0.7294117640625 0.9833984375 0.7411764703125 1 0.744117646875 1 0.667647059375
1 0.8125 0.5754901953125 0.8203125 0.5892156859375001 0.8291015625 0.59607843125 0.853515625 0.5970588234374999 0.8642578125 0.5921568625 0.8828125 0.5754901953125 0.876953125 0.55 0.87109375 0.5401960781249999 0.8603515625 0.5313725484375 0.8291015625 0.5294117640625 0.8125 0.54607843125 0.8125 0.5754901953125
1 0.65625 0.4872549015625 0.658203125 0.5088235296875 0.6640625 0.5186274515625 0.6748046875 0.5274509796875 0.69140625 0.528431371875 0.7021484375 0.5235294125000001 0.70703125 0.5166666671875 0.708984375 0.5009803921875 0.69921875 0.4774509796875 0.6884765625 0.46666666718750005 0.6806640625 0.4647058828125 0.66015625 0.4794117640625 0.65625 0.4872549015625
1 0.623046875 0.32058823593749997 0.619140625 0.328431371875 0.619140625 0.36176470625 0.6259765625 0.3705882359375 0.6376953125 0.37254902031250003 0.6533203125 0.382352940625 0.662109375 0.3813725484375 0.6787109375 0.37254902031250003 0.685546875 0.363725490625 0.6875 0.3264705875 0.6806640625 0.317647059375 0.6630859375 0.305882353125 0.6435546875 0.30392156875 0.6376953125 0.305882353125 0.623046875 0.32058823593749997
1 0.8173828125 0.282352940625 0.796875 0.30882352968750004 0.802734375 0.344117646875 0.8076171875 0.34901960781249997 0.8193359375 0.3529411765625 0.83203125 0.351960784375 0.8505859375 0.3450980390625 0.875 0.3245098046875 0.87890625 0.3147058828125 0.87109375 0.2872549015625 0.8623046875 0.278431371875 0.8505859375 0.2725490203125 0.8349609375 0.2725490203125 0.8173828125 0.282352940625
1 0.927734375 0.236274509375 0.9365234375 0.2529411765625 0.9482421875 0.2588235296875 0.962890625 0.2578431375 0.978515625 0.25196078437499997 0.982421875 0.244117646875 0.982421875 0.23039215624999998 0.9716796875 0.21176470625000002 0.9599609375 0.20588235312499997 0.9462890625 0.20588235312499997 0.931640625 0.2166666671875 0.927734375 0.236274509375
1 0.9365234375 0.3568627453125 0.90625 0.3735294125 0.91015625 0.3892156859375 0.91015625 0.4205882359375 0.9326171875 0.43921568593750004 0.9453125 0.44019607812499995 0.9873046875 0.41960784375 0.998046875 0.4088235296875 0.99609375 0.39509803906249996 0.974609375 0.367647059375 0.966796875 0.35 0.9599609375 0.3450980390625 0.9501953125 0.3450980390625 0.9365234375 0.3568627453125
1 0.353515625 0.340196078125 0.34765625 0.351960784375 0.34765625 0.3735294125 0.3583984375 0.386274509375 0.3701171875 0.3921568625 0.388671875 0.3931372546875 0.4091796875 0.384313725 0.412109375 0.3813725484375 0.4140625 0.367647059375 0.3984375 0.33039215624999996 0.3876953125 0.3235294125 0.3740234375 0.3235294125 0.3642578125 0.3274509796875 0.353515625 0.340196078125
1 0.5283203125 0.027450979687499998 0.51171875 0.042156862499999996 0.5078125 0.057843137499999996 0.513671875 0.0735294125 0.5283203125 0.0921568625 0.5419921875 0.098039215625 0.560546875 0.0970588234375 0.5673828125 0.09607843125 0.58984375 0.067647059375 0.59375 0.059803921875 0.591796875 0.04607843125 0.587890625 0.034313725 0.5712890625 0.0235294125 0.5419921875 0.021568628125 0.5283203125 0.027450979687499998
1 0.1767578125 0.18235294062500002 0.171875 0.1892156859375 0.171875 0.1970588234375 0.185546875 0.2205882359375 0.189453125 0.236274509375 0.19140625 0.2578431375 0.1875 0.267647059375 0.2001953125 0.28823529375 0.2099609375 0.294117646875 0.220703125 0.2931372546875 0.2333984375 0.29019607812500003 0.2529296875 0.2705882359375 0.26171875 0.265686275 0.275390625 0.24607843125 0.27734375 0.232352940625 0.2685546875 0.221568628125 0.2138671875 0.1921568625 0.1767578125 0.18235294062500002
1 0.76953125 0.6343137249999999 0.76953125 0.65 0.7763671875 0.6568627453125 0.8017578125 0.6705882359374999 0.8125 0.6696078437499999 0.818359375 0.665686275 0.82421875 0.65392156875 0.82421875 0.636274509375 0.8203125 0.6264705875 0.8056640625 0.6156862750000001 0.7919921875 0.6156862750000001 0.7783203125 0.621568628125 0.76953125 0.6343137249999999