0 0.92578125 0.34744094531249997 0.921875 0.361220471875 0.9228515625 0.37795275625 0.92578125 0.39468503906249996 0.93359375 0.4104330703125 0.9521484375 0.4291338578125 0.9697265625 0.4370078734375 0.9990234375 0.43503937031250006 1 0.31791338593749996 0.9931640625 0.3149606296875 0.9619140625 0.3149606296875 0.9443359375 0.3228346453125 0.92578125 0.34744094531249997
0 1 0.5187007875 0.9931640625 0.51574803125 0.9658203125 0.5177165359375 0.9404296875 0.5314960625 0.921875 0.5541338578125 0.916015625 0.57185039375 0.908203125 0.5816929140625 0.9091796875 0.592519684375 0.91796875 0.6230314953125 0.9306640625 0.6397637796875 0.9560546875 0.6496062984375001 0.9931640625 0.6476377953125 1 0.64074803125 1 0.5187007875
0 0.7978515625 0.157480315625 0.7646484375 0.1555118109375 0.7529296875 0.15944881875 0.7421875 0.170275590625 0.736328125 0.186023621875 0.732421875 0.21161417343750002 0.7333984375 0.236220471875 0.744140625 0.25688976406249997 0.7822265625 0.2854330703125 0.8017578125 0.28740157499999996 0.8134765625 0.2814960625 0.82421875 0.270669290625 0.8359375 0.2411417328125 0.8359375 0.2057086609375 0.826171875 0.17814960625 0.8134765625 0.1633858265625 0.7978515625 0.157480315625
0 0.6806640625 0.2755905515625 0.6611328125 0.26574803125 0.6435546875 0.26574803125 0.6318359375 0.27165354375 0.615234375 0.2942913390625 0.611328125 0.31200787343749997 0.6123046875 0.33464566875 0.61328125 0.35334645625 0.62109375 0.3730314953125 0.62890625 0.3848425203125 0.6533203125 0.407480315625 0.6787109375 0.40944881874999994 0.69921875 0.398622046875 0.7109375 0.367125984375 0.708984375 0.3336614171875 0.701171875 0.3021653546875 0.6806640625 0.2755905515625
0 0.734375 0.46555118125000006 0.7216796875 0.45275590625 0.7060546875 0.4448818890625 0.6845703125 0.44291338593749996 0.6591796875 0.45275590625 0.634765625 0.47342519687499995 0.626953125 0.48720472499999995 0.6279296875 0.5118110234375 0.630859375 0.526574803125 0.6416015625 0.5433070859375 0.6845703125 0.5413385828124999 0.7099609375 0.551181103125 0.7197265625 0.551181103125 0.734375 0.5383858265625 0.740234375 0.5285433078125 0.744140625 0.5167322828125 0.744140625 0.48720472499999995 0.734375 0.46555118125000006
0 0.2978515625 0.2086614171875 0.2568359375 0.2066929140625 0.236328125 0.237204725 0.232421875 0.25688976406249997 0.2333984375 0.2834645671875 0.2421875 0.3061023625 0.2587890625 0.3188976375 0.2822265625 0.3208661421875 0.2998046875 0.31299212656250003 0.31640625 0.298228346875 0.333984375 0.276574803125 0.333984375 0.24704724374999998 0.32421875 0.2253937015625 0.3173828125 0.21850393750000002 0.2978515625 0.2086614171875
0 0.220703125 0.17224409375 0.212890625 0.1564960625 0.1884765625 0.1397637796875 0.1767578125 0.135826771875 0.1591796875 0.135826771875 0.1474609375 0.1397637796875 0.1328125 0.1584645671875 0.126953125 0.176181103125 0.1279296875 0.183070865625 0.12890625 0.1978346453125 0.140625 0.2332677171875 0.146484375 0.2431102359375 0.1650390625 0.257874015625 0.1845703125 0.263779528125 0.1962890625 0.2618110234375 0.2177734375 0.24803149531250002 0.23046875 0.22933070937500002 0.232421875 0.201771653125 0.220703125 0.17224409375
0 0.2919921875 0.09055118125 0.2646484375 0.09055118125 0.2529296875 0.0944881890625 0.228515625 0.11515747968750001 0.216796875 0.1348425203125 0.2177734375 0.1496062984375 0.23828125 0.17814960625 0.2548828125 0.188976378125 0.2998046875 0.188976378125 0.3115234375 0.1850393703125 0.32421875 0.170275590625 0.33203125 0.1525590546875 0.33203125 0.1289370078125 0.326171875 0.1131889765625 0.3115234375 0.098425196875 0.2919921875 0.09055118125
0 0.2216796875 0 0.2197265625 0.007874015625 0.22265625 0.026574803125 0.234375 0.0541338578125 0.2412109375 0.0629921265625 0.2587890625 0.0728346453125 0.2880859375 0.07677165312499999 0.3193359375 0.0551181109375 0.32421875 0.0462598421875 0.32421875 0.038385826562499996 0.306640625 0.0226377953125 0.2958984375 0 0.2216796875 0
0 0.2099609375 0.0019685046875 0.1259765625 0 0.1171875 0.010826771875 0.1142578125 0.023622046875 0.12890625 0.0679133859375 0.1328125 0.0757874015625 0.1396484375 0.0807086609375 0.1689453125 0.09055118125 0.2021484375 0.09055118125 0.216796875 0.0757874015625 0.220703125 0.0679133859375 0.224609375 0.04035433125 0.21484375 0.004921259375 0.2099609375 0.0019685046875
0 0.419921875 0.0974409453125 0.419921875 0.06988188906250001 0.4169921875 0.06496062968750001 0.4013671875 0.0570866140625 0.3701171875 0.05905511875 0.3515625 0.0757874015625 0.341796875 0.101377953125 0.3427734375 0.12204724375 0.3515625 0.148622046875 0.3681640625 0.16535433125000001 0.3857421875 0.173228346875 0.4072265625 0.173228346875 0.4169921875 0.1692913390625 0.43359375 0.1525590546875 0.4375 0.1427165359375 0.4375 0.1348425203125 0.42578125 0.1190944875 0.419921875 0.0974409453125
0 0.4189453125 0 0.416015625 0.00295275625 0.4169921875 0.0255905515625 0.421875 0.04035433125 0.4384765625 0.05905511875 0.4501953125 0.0629921265625 0.4892578125 0.0629921265625 0.5009765625 0.05905511875 0.513671875 0.048228346875 0.5234375 0.020669290625 0.5234375 0.004921259375 0.5205078125 0 0.4189453125 0
0 0.630859375 0.08956692968749999 0.6103515625 0.066929134375 0.5966796875 0.05905511875 0.5771484375 0.05905511875 0.5478515625 0.0688976375 0.53125 0.08956692968749999 0.52734375 0.10334645625000001 0.5283203125 0.1161417328125 0.529296875 0.1269685046875 0.537109375 0.14468503906250002 0.5517578125 0.15944881875 0.5712890625 0.1692913390625 0.5947265625 0.1692913390625 0.6162109375 0.16141732343749998 0.6328125 0.1427165359375 0.63671875 0.1289370078125 0.63671875 0.10334645625000001 0.630859375 0.08956692968749999
0 0.5771484375 0 0.57421875 0.00295275625 0.5751953125 0.0177165359375 0.5859375 0.042322834375 0.5986328125 0.0551181109375 0.6259765625 0.0629921265625 0.6474609375 0.0629921265625 0.6533203125 0.061023621875 0.6796875 0.0305118109375 0.68359375 0.020669290625 0.68359375 0.004921259375 0.6806640625 0 0.5771484375 0
0 0.75 0.044291339062500004 0.7392578125 0.0334645671875 0.7177734375 0.0255905515625 0.6943359375 0.0255905515625 0.6865234375 0.0275590546875 0.6796875 0.03444881875 0.673828125 0.0462598421875 0.66015625 0.062007873437500007 0.6591796875 0.092519684375 0.6640625 0.11515747968750001 0.6826171875 0.1338582671875 0.6962890625 0.1397637796875 0.7216796875 0.14370078749999998 0.7373046875 0.1417322828125 0.7490234375 0.135826771875 0.759765625 0.12303149531249999 0.765625 0.10334645625000001 0.763671875 0.073818896875 0.75 0.044291339062500004
0 0.5986328125 0.17519685000000002 0.5634765625 0.173228346875 0.5537109375 0.167322834375 0.5458984375 0.167322834375 0.525390625 0.18405511875 0.513671875 0.2194881890625 0.5146484375 0.22834645625 0.517578125 0.24704724374999998 0.5302734375 0.2618110234375 0.5693359375 0.27165354375 0.5908203125 0.26968503906249996 0.609375 0.254921259375 0.6171875 0.237204725 0.619140625 0.21161417343750002 0.61328125 0.186023621875 0.6083984375 0.1791338578125 0.5986328125 0.17519685000000002
0 0.4951171875 0.0629921265625 0.4638671875 0.066929134375 0.4306640625 0.0629921265625 0.423828125 0.07185039374999999 0.4228515625 0.092519684375 0.4296875 0.1190944875 0.4580078125 0.1535433078125 0.4912109375 0.15944881875 0.5048828125 0.1555118109375 0.513671875 0.148622046875 0.517578125 0.1368110234375 0.517578125 0.0836614171875 0.515625 0.073818896875 0.5068359375 0.06496062968750001 0.4951171875 0.0629921265625
0 0.509765625 0.67814960625 0.4951171875 0.6614173234375 0.4638671875 0.6476377953125 0.4404296875 0.6476377953125 0.4248046875 0.6555118109375 0.408203125 0.676181103125 0.4072265625 0.7007874015625 0.41015625 0.7194881890625 0.42578125 0.7411417328125001 0.4462890625 0.757874015625 0.4580078125 0.7618110234375 0.4794921875 0.76574803125 0.5009765625 0.757874015625 0.509765625 0.7490157484375 0.517578125 0.7332677171875 0.51953125 0.707677165625 0.509765625 0.67814960625
0 0.78125 0.6210629921875 0.7568359375 0.6023622046875 0.7412109375 0.598425196875 0.7158203125 0.6003937015624999 0.6875 0.6230314953125 0.673828125 0.6525590546875 0.6748046875 0.6633858265625 0.67578125 0.676181103125 0.6923828125 0.7007874015625 0.7060546875 0.7106299218750001 0.7216796875 0.7165354328125 0.7431640625 0.7165354328125 0.7607421875 0.7106299218750001 0.78125 0.6899606296874999 0.7890625 0.6643700781249999 0.7890625 0.6368110234375 0.78125 0.6210629921875
0 0.673828125 0.6801181109375001 0.671875 0.662401575 0.6513671875 0.6535433078125 0.6357421875 0.6535433078125 0.6015625 0.6899606296874999 0.59765625 0.707677165625 0.5986328125 0.7224409453125 0.603515625 0.737204725 0.6181640625 0.7539370078125 0.6572265625 0.7696850390625001 0.6865234375 0.7677165359375 0.7109375 0.74704724375 0.71875 0.7312992125 0.71875 0.7194881890625 0.7041015625 0.712598425 0.68359375 0.6958661421875 0.673828125 0.6801181109375001
0 0.6904296875 0.54724409375 0.6572265625 0.54724409375 0.6376953125 0.55314960625 0.6240234375 0.5629921265625 0.609375 0.579724409375 0.6044921875 0.598425196875 0.61328125 0.6210629921875 0.6396484375 0.645669290625 0.6689453125 0.6476377953125 0.6923828125 0.612204725 0.7099609375 0.6003937015624999 0.728515625 0.595472440625 0.73046875 0.579724409375 0.728515625 0.573818896875 0.7060546875 0.55314960625 0.6904296875 0.54724409375
0 0.755859375 0.8179133859375 0.7412109375 0.801181103125 0.7138671875 0.787401575 0.6982421875 0.787401575 0.6767578125 0.7893700781249999 0.6650390625 0.795275590625 0.646484375 0.813976378125 0.638671875 0.82775590625 0.6357421875 0.8444881890625 0.63671875 0.8553149609374999 0.642578125 0.8671259843750001 0.6630859375 0.8897637796875 0.6845703125 0.8976377953125001 0.7041015625 0.8976377953125001 0.7197265625 0.8937007875 0.75 0.875 0.76171875 0.851377953125 0.76171875 0.8336614171875001 0.755859375 0.8179133859375
0 0.8681640625 0.6397637796875 0.8408203125 0.6397637796875 0.8212890625 0.6496062984375001 0.806640625 0.6683070859375 0.794921875 0.6978346453125 0.7958984375 0.7106299218750001 0.802734375 0.7312992125 0.8271484375 0.7480314953125 0.8798828125 0.7480314953125 0.89453125 0.7352362203125 0.908203125 0.7135826765625 0.9140625 0.6958661421875 0.9140625 0.676181103125 0.91015625 0.6683070859375 0.8818359375 0.6437007875 0.8681640625 0.6397637796875
0 1 0.770669290625 0.99609375 0.7647637796875 0.9814453125 0.7559055125 0.9580078125 0.7519685046875 0.9384765625 0.7539370078125 0.9150390625 0.76574803125 0.904296875 0.7746062984375001 0.890625 0.798228346875 0.884765625 0.8179133859375 0.8857421875 0.8444881890625 0.8994140625 0.8602362203125 0.9208984375 0.8681102359375 0.9619140625 0.8661417328125 0.9931640625 0.848425196875 1 0.8395669296875001 1 0.770669290625
0 0.9912109375 0.98425196875 0.9990234375 0.9862204718750001 0.9990234375 0.8641732281250001 0.9814453125 0.8700787406250001 0.96875 0.8868110234375 0.962890625 0.9084645671875 0.9638671875 0.9468503937499999 0.97265625 0.9675196843749999 0.9912109375 0.98425196875
0 0.7880859375 0.8917322828125 0.7548828125 0.8937007875 0.7333984375 0.9055118109375 0.712890625 0.9281496062500001 0.705078125 0.9458661421875 0.7060546875 0.960629921875 0.716796875 0.9852362203125 0.7275390625 0.9980314953124999 0.7998046875 0.9960629921875 0.8193359375 0.9862204718750001 0.830078125 0.9753937015625 0.83203125 0.9675196843749999 0.830078125 0.941929134375 0.8203125 0.9183070859375 0.8037109375 0.8976377953125001 0.7880859375 0.8917322828125
0 0.56875 0.85944881875 0.550390625 0.889370078125 0.5421875 0.9070866140625 0.591015625 0.9673228343750001 0.614453125 0.9673228343750001 0.631640625 0.962598425 0.642578125 0.957480315625 0.65390625 0.9393700781250001 0.656640625 0.9094488187499999 0.656640625 0.8881889765625001 0.641015625 0.8645669296875 0.612890625 0.8503937015625 0.59140625 0.848818896875 0.56875 0.85944881875
0 0.5640625 0.48385826718749997 0.54296875 0.47165354375 0.5078125 0.47204724374999996 0.48671875 0.4791338578125 0.46953125 0.49960629843750004 0.462109375 0.5185039375 0.464453125 0.548425196875 0.475 0.579527559375 0.484375 0.5901574796875 0.49609375 0.5964566921875 0.518359375 0.5960629921875 0.531640625 0.5913385828125 0.551953125 0.5775590546875 0.5703125 0.5712598421874999 0.5796875 0.5629921265625 0.58671875 0.529921259375 0.579296875 0.49960629843750004 0.5640625 0.48385826718749997
0 0.555859375 0.6976377953124999 0.57890625 0.7062992125 0.58984375 0.698818896875 0.6 0.6803149609375 0.60859375 0.651181103125 0.60859375 0.6224409453125 0.598046875 0.5996062984375 0.578515625 0.5720472437499999 0.549609375 0.58464566875 0.532421875 0.5933070859375 0.515234375 0.5960629921875 0.499609375 0.60275590625 0.5 0.6311023625 0.50625 0.6503937015625 0.52734375 0.6807086609375 0.555859375 0.6976377953124999
0 0.674609375 0.44685039375 0.69296875 0.4397637796875 0.694921875 0.42165354375 0.689453125 0.4082677171875 0.6734375 0.4098425203125 0.65703125 0.4082677171875 0.63828125 0.3964566921875 0.612109375 0.354724409375 0.60390625 0.3555118109375 0.569140625 0.3602362203125 0.544140625 0.3708661421875 0.529296875 0.3897637796875 0.523046875 0.42047244062500005 0.53125 0.45 0.5453125 0.46535433125000003 0.566015625 0.4744094484375 0.619921875 0.49055118125 0.650390625 0.4570866140625 0.674609375 0.44685039375
0 0.769140625 0 0.76640625 0.00314960625 0.75390625 0.0177165359375 0.746875 0.02795275625 0.748046875 0.0401574796875 0.763671875 0.067322834375 0.772265625 0.0948818890625 0.783984375 0.107480315625 0.816015625 0.1145669296875 0.835546875 0.1133858265625 0.86796875 0.09291338593750001 0.8828125 0.07165354375 0.8890625 0.041338582812500003 0.88671875 0.0177165359375 0.87109375 0 0.769140625 0
1 0.2998046875 0.31299212656250003 0.2822265625 0.3208661421875 0.2626953125 0.3208661421875 0.2607421875 0.326771653125 0.2685546875 0.342519684375 0.2978515625 0.362204725 0.3291015625 0.3582677171875 0.345703125 0.345472440625 0.34765625 0.3316929140625 0.35546875 0.31791338593749996 0.3515625 0.2864173234375 0.3447265625 0.279527559375 0.3330078125 0.279527559375 0.2998046875 0.31299212656250003
1 0.513671875 0.2805118109375 0.5126953125 0.2992125984375 0.5224609375 0.3149606296875 0.5458984375 0.326771653125 0.5751953125 0.32480315000000004 0.5830078125 0.3208661421875 0.58984375 0.3100393703125 0.58984375 0.2942913390625 0.5810546875 0.27755905468750003 0.5419921875 0.2677165359375 0.5283203125 0.2677165359375 0.513671875 0.2805118109375
0 0.662890625 0.1232302359375 0.647265625 0.12401763750000001 0.632421875 0.1401593703125 0.62734375 0.1826790546875 0.63828125 0.2185058265625 0.6578125 0.24567118125 0.680078125 0.2610255125 0.7046875 0.256301103125 0.7203125 0.24173417343749998 0.73046875 0.2216554328125 0.73984375 0.17952944843750002 0.72890625 0.1488207875 0.68203125 0.1338601578125 0.662890625 0.1232302359375
1 0.70703125 0.2942913390625 0.7080078125 0.3149606296875 0.7109375 0.345472440625 0.7177734375 0.354330709375 0.7373046875 0.354330709375 0.75 0.345472440625 0.75390625 0.33562992187499996 0.75390625 0.3021653546875 0.7431640625 0.2854330703125 0.7177734375 0.2834645671875 0.7119140625 0.28740157499999996 0.70703125 0.2942913390625
1 0.7880859375 0.3149606296875 0.771484375 0.3336614171875 0.76953125 0.3435039375 0.75 0.3769685046875 0.73828125 0.3868110234375 0.728515625 0.4005905515625 0.720703125 0.41633858281249997 0.7216796875 0.43307086562499997 0.7255859375 0.4370078734375 0.7314453125 0.4370078734375 0.7509765625 0.4192913390625 0.7724609375 0.4192913390625 0.814453125 0.3927165359375 0.82421875 0.3690944875 0.82421875 0.345472440625 0.8125 0.323818896875 0.8037109375 0.3149606296875 0.7880859375 0.3149606296875
1 0.4306640625 0.19094488125 0.421875 0.201771653125 0.416015625 0.21555118125 0.4169921875 0.23425196874999998 0.41796875 0.2411417328125 0.4326171875 0.2539370078125 0.4462890625 0.2539370078125 0.4599609375 0.24803149531250002 0.46875 0.237204725 0.474609375 0.223425196875 0.474609375 0.20964566874999999 0.46875 0.1978346453125 0.4521484375 0.188976378125 0.4306640625 0.19094488125
1 0.3935546875 0.44094488125 0.3798828125 0.44685039375 0.3671875 0.457677165625 0.36328125 0.46555118125000006 0.3642578125 0.47834645625 0.369140625 0.49311023593750003 0.3798828125 0.5039370078125 0.3876953125 0.507874015625 0.4091796875 0.507874015625 0.4296875 0.4911417328125 0.43359375 0.479330709375 0.43359375 0.46555118125000006 0.423828125 0.45177165312499995 0.4130859375 0.44291338593749996 0.3935546875 0.44094488125
1 0.3779296875 0.58464566875 0.3701171875 0.5885826765625 0.353515625 0.6053149609374999 0.349609375 0.6151574796875 0.3505859375 0.62204724375 0.361328125 0.6427165359375 0.3818359375 0.6633858265625 0.3994140625 0.657480315625 0.41015625 0.6466535437500001 0.41796875 0.6289370078125 0.41796875 0.6072834640625 0.416015625 0.601377953125 0.4052734375 0.5905511812500001 0.3896484375 0.58464566875 0.3779296875 0.58464566875
1 0.5068359375 0.8051181109375 0.49609375 0.823818896875 0.4970703125 0.8385826765625 0.50390625 0.8553149609374999 0.5224609375 0.8759842515624999 0.5322265625 0.8759842515624999 0.5576171875 0.8681102359375 0.56640625 0.85925196875 0.56640625 0.82775590625 0.560546875 0.813976378125 0.5439453125 0.801181103125 0.5244140625 0.801181103125 0.5068359375 0.8051181109375