0 0.892578125 0.5380859375 0.890625 0.5068359375 0.880859375 0.4814453125 0.8583984375 0.453125 0.8427734375 0.44140625 0.8203125 0.4384765625 0.8037109375 0.44140625 0.791015625 0.4521484375 0.779296875 0.4716796875 0.7734375 0.5146484375 0.775390625 0.5322265625 0.783203125 0.5556640625 0.8056640625 0.578125 0.8212890625 0.583984375 0.8544921875 0.583984375 0.8779296875 0.5703125 0.888671875 0.5537109375 0.892578125 0.5380859375
0 0.927734375 0.6279296875 0.9365234375 0.63671875 0.9697265625 0.654296875 0.9951171875 0.654296875 1 0.6513671875 0.998046875 0.5361328125 0.9775390625 0.537109375 0.9443359375 0.548828125 0.92578125 0.5673828125 0.91796875 0.5830078125 0.91796875 0.6103515625 0.927734375 0.6279296875
0 0.7158203125 0.51171875 0.736328125 0.4931640625 0.7578125 0.4560546875 0.76171875 0.4150390625 0.751953125 0.3935546875 0.732421875 0.3818359375 0.6943359375 0.384765625 0.6533203125 0.408203125 0.640625 0.4208984375 0.62109375 0.4541015625 0.615234375 0.4794921875 0.615234375 0.4931640625 0.6259765625 0.513671875 0.6533203125 0.525390625 0.6865234375 0.525390625 0.7158203125 0.51171875
0 0.517578125 0.1591796875 0.52734375 0.1376953125 0.52734375 0.1220703125 0.513671875 0.0927734375 0.4912109375 0.078125 0.474609375 0.0751953125 0.4482421875 0.076171875 0.4248046875 0.0859375 0.40234375 0.1064453125 0.396484375 0.1201171875 0.396484375 0.1474609375 0.404296875 0.1650390625 0.4130859375 0.17578125 0.4326171875 0.189453125 0.4501953125 0.1953125 0.4716796875 0.193359375 0.4990234375 0.1796875 0.517578125 0.1591796875
0 0.4970703125 0.0546875 0.5146484375 0.056640625 0.5302734375 0.052734375 0.548828125 0.0400390625 0.560546875 0.0224609375 0.56640625 0.0009765625 0.4482421875 0 0.447265625 0.0087890625 0.458984375 0.0322265625 0.4775390625 0.046875 0.4970703125 0.0546875
0 0.3662109375 0.0625 0.3896484375 0.0625 0.4150390625 0.046875 0.423828125 0.0361328125 0.43359375 0.0146484375 0.43359375 0.0009765625 0.3212890625 0 0.318359375 0.0087890625 0.318359375 0.0302734375 0.3330078125 0.046875 0.3525390625 0.05859375 0.3662109375 0.0625
0 0.34765625 0.1650390625 0.357421875 0.1435546875 0.359375 0.1220703125 0.34765625 0.1025390625 0.3349609375 0.08984375 0.322265625 0.0849609375 0.2900390625 0.083984375 0.2783203125 0.087890625 0.2529296875 0.103515625 0.23828125 0.1181640625 0.23046875 0.1357421875 0.228515625 0.1591796875 0.232421875 0.1787109375 0.2392578125 0.1875 0.2626953125 0.19921875 0.3037109375 0.197265625 0.3134765625 0.193359375 0.34765625 0.1650390625
0 0.23828125 0.2353515625 0.23828125 0.2060546875 0.2265625 0.1748046875 0.2119140625 0.158203125 0.1943359375 0.150390625 0.1796875 0.1494140625 0.1669921875 0.150390625 0.14453125 0.1728515625 0.1328125 0.2021484375 0.130859375 0.2294921875 0.138671875 0.2802734375 0.1474609375 0.291015625 0.1591796875 0.296875 0.1923828125 0.294921875 0.2138671875 0.283203125 0.228515625 0.2685546875 0.23828125 0.2353515625
0 0 0.1806640625 0.0107421875 0.185546875 0.0380859375 0.18359375 0.0546875 0.1669921875 0.06640625 0.1455078125 0.076171875 0.0908203125 0.07421875 0.0810546875 0.0478515625 0.0546875 0.0234375 0.0400390625 0 0.0400390625 0 0.1806640625
0 0.559765625 0.421484375 0.549609375 0.4015625 0.5390625 0.38359375 0.528515625 0.391015625 0.512109375 0.40859375 0.501953125 0.431640625 0.496484375 0.45234375 0.491796875 0.474609375 0.4984375 0.498828125 0.517578125 0.516015625 0.541015625 0.525 0.571484375 0.521484375 0.589453125 0.51328125 0.6078125 0.494921875 0.61796875 0.478515625 0.622265625 0.46015625 0.634375 0.434765625 0.629296875 0.428125 0.604296875 0.439453125 0.575390625 0.43203125 0.559765625 0.421484375
0 0.645703125 0.2875 0.630859375 0.283203125 0.610546875 0.283203125 0.59296875 0.287109375 0.576953125 0.29609375 0.559765625 0.31015625 0.551171875 0.32421875 0.542578125 0.35078125 0.541015625 0.373828125 0.543359375 0.38828125 0.557421875 0.41875 0.5734375 0.432421875 0.6 0.43828125 0.615234375 0.435546875 0.6328125 0.425390625 0.651953125 0.408984375 0.6640625 0.38984375 0.671875 0.366796875 0.669140625 0.34453125 0.655078125 0.301171875 0.645703125 0.2875
0 0.660546875 0.166796875 0.638671875 0.156640625 0.614453125 0.151953125 0.5875 0.155859375 0.571875 0.162890625 0.56171875 0.174609375 0.55078125 0.178125 0.53984375 0.210546875 0.53984375 0.228515625 0.542578125 0.254296875 0.55390625 0.277734375 0.57578125 0.28828125 0.60234375 0.285546875 0.633984375 0.275 0.66171875 0.253515625 0.6703125 0.227734375 0.676171875 0.20703125 0.670703125 0.183203125 0.660546875 0.166796875
0 0.37578125 0.16953125 0.3453125 0.17109375 0.317578125 0.1890625 0.31328125 0.201171875 0.309375 0.220703125 0.31796875 0.247265625 0.341015625 0.2671875 0.3640625 0.28203125 0.4109375 0.283203125 0.4359375 0.26875 0.44921875 0.244921875 0.4515625 0.218359375 0.443359375 0.20859375 0.431640625 0.19921875 0.413671875 0.1828125 0.37578125 0.16953125
1 1 0.3447265625 0.96875 0.3291015625 0.9560546875 0.328125 0.9462890625 0.33203125 0.9296875 0.3447265625 0.919921875 0.3623046875 0.919921875 0.3876953125 0.923828125 0.4091796875 0.9462890625 0.4375 0.9599609375 0.4375 0.970703125 0.4169921875 0.9794921875 0.41015625 0.9892578125 0.408203125 1 0.3955078125 1 0.3447265625
1 0.8916015625 0.291015625 0.8984375 0.2802734375 0.896484375 0.2548828125 0.880859375 0.2294921875 0.8740234375 0.22265625 0.859375 0.2158203125 0.8447265625 0.21484375 0.8056640625 0.23046875 0.78125 0.2607421875 0.78125 0.2724609375 0.7958984375 0.283203125 0.8115234375 0.28515625 0.8212890625 0.294921875 0.8291015625 0.298828125 0.8388671875 0.298828125 0.8544921875 0.30859375 0.8662109375 0.306640625 0.8798828125 0.294921875 0.8916015625 0.291015625
1 0.515625 0.4091796875 0.525390625 0.3955078125 0.525390625 0.3798828125 0.517578125 0.3623046875 0.5048828125 0.353515625 0.498046875 0.3525390625 0.4912109375 0.3515625 0.4599609375 0.359375 0.451171875 0.3681640625 0.4453125 0.3916015625 0.453125 0.4267578125 0.4677734375 0.439453125 0.4951171875 0.44921875 0.5 0.4462890625 0.515625 0.4091796875
1 0.55078125 0.2998046875 0.552734375 0.2724609375 0.54296875 0.2568359375 0.5390625 0.2431640625 0.5322265625 0.236328125 0.517578125 0.2314453125 0.5107421875 0.23046875 0.5029296875 0.234375 0.486328125 0.2509765625 0.486328125 0.2978515625 0.5087890625 0.31640625 0.5224609375 0.322265625 0.5322265625 0.322265625 0.544921875 0.3115234375 0.55078125 0.2998046875
0 0.77109375 0.316796875 0.776171875 0.26328125 0.77578125 0.23515625 0.761328125 0.20703125 0.748828125 0.193359375 0.708203125 0.181640625 0.67578125 0.181640625 0.670703125 0.208203125 0.66796875 0.225 0.664453125 0.24296875 0.6546875 0.257421875 0.649609375 0.268359375 0.651953125 0.284765625 0.6640625 0.330078125 0.678515625 0.36015625 0.70703125 0.361328125 0.74609375 0.349609375 0.75859375 0.33984375 0.77109375 0.316796875
0 0.85 0.584765625 0.81953125 0.59140625 0.798046875 0.605859375 0.78203125 0.63515625 0.778515625 0.6671875 0.78671875 0.702734375 0.86953125 0.734765625 0.88671875 0.723828125 0.901953125 0.68203125 0.92109375 0.659765625 0.929296875 0.633984375 0.917578125 0.610546875 0.9046875 0.588671875 0.893359375 0.580078125 0.85 0.584765625
0 0.893359375 0.71015625 0.888671875 0.723828125 0.8796875 0.74140625 0.9625 0.78828125 0.9625 0.785546875 0.987109375 0.7640625 0.998828125 0.740234375 1 0.669921875 0.990625 0.65234375 0.95859375 0.653125 0.921875 0.663671875 0.90234375 0.6828125 0.893359375 0.71015625