0 0.9529411765625 0.2099609375 0.9450980390625 0.1943359375 0.9303921562499999 0.1796875 0.9127450984375001 0.171875 0.8911764703125 0.173828125 0.8833333328125 0.177734375 0.8568627453125 0.2060546875 0.8470588234375 0.2275390625 0.848039215625 0.24609375 0.8529411765624999 0.2646484375 0.859803921875 0.271484375 0.8794117640625 0.27734375 0.8931372546875 0.2890625 0.9029411765625 0.291015625 0.9186274515624999 0.287109375 0.934313725 0.27734375 0.9490196078125 0.2587890625 0.9549019609375 0.2373046875 0.9529411765625 0.2099609375
0 0.848039215625 0.119140625 0.8205882359375 0.109375 0.8068627453125 0.109375 0.7754901953125 0.1171875 0.7617647062499999 0.125 0.7450980390625 0.1474609375 0.744117646875 0.171875 0.7509803921875 0.1884765625 0.7735294125000001 0.20703125 0.7970588234375 0.216796875 0.8245098046875 0.21875 0.8460784312499999 0.2109375 0.8627450984375 0.1962890625 0.8725490203125 0.1767578125 0.8725490203125 0.1572265625 0.8666666671875 0.1435546875 0.848039215625 0.119140625
0 0.89607843125 0.2958984375 0.8774509796875 0.279296875 0.851960784375 0.271484375 0.8225490203125 0.2734375 0.798039215625 0.2919921875 0.794117646875 0.3017578125 0.7950980390625 0.330078125 0.798039215625 0.3447265625 0.8098039218749999 0.3642578125 0.8205882359375 0.375 0.8401960781250001 0.3828125 0.8656862750000001 0.3828125 0.8813725484375 0.376953125 0.89607843125 0.3623046875 0.9058823531250001 0.3408203125 0.9058823531250001 0.3251953125 0.89607843125 0.2958984375
0 0.9049019609375 0.388671875 0.8794117640625 0.388671875 0.855882353125 0.3984375 0.8392156859375 0.4150390625 0.8392156859375 0.4267578125 0.8431372546875 0.4345703125 0.8401960781250001 0.47265625 0.8460784312499999 0.482421875 0.8774509796875 0.501953125 0.8970588234375001 0.501953125 0.9205882359374999 0.490234375 0.9313725484375001 0.4794921875 0.9431372546875 0.4501953125 0.9431372546875 0.4306640625 0.9333333328125001 0.4072265625 0.9186274515624999 0.39453125 0.9049019609375 0.388671875
0 0.8372549015624999 0.4326171875 0.8333333328125001 0.4091796875 0.8245098046875 0.392578125 0.7911764703124999 0.3828125 0.765686275 0.376953125 0.751960784375 0.3828125 0.7313725484375 0.4033203125 0.728431371875 0.41796875 0.7333333328125 0.4462890625 0.7549019609375 0.4755859375 0.759803921875 0.48828125 0.771568628125 0.490234375 0.7970588234375 0.51171875 0.8127450984375001 0.51171875 0.8294117640625001 0.4951171875 0.8333333328125001 0.4873046875 0.8372549015624999 0.4462890625 0.8372549015624999 0.4326171875
0 0.7186274515625 0.28515625 0.6990196078124999 0.27734375 0.665686275 0.27734375 0.648039215625 0.287109375 0.6372549015625 0.3017578125 0.6333333328124999 0.3134765625 0.6343137249999999 0.337890625 0.6470588234375 0.3681640625 0.663725490625 0.384765625 0.6931372546875 0.396484375 0.7166666671875 0.396484375 0.7245098046875 0.392578125 0.7411764703125 0.3759765625 0.7509803921875 0.3544921875 0.7509803921875 0.3330078125 0.7411764703125 0.3056640625 0.7186274515625 0.28515625
0 0.7186274515625 0.15625 0.7049019609375 0.1484375 0.6892156859375 0.14453125 0.66176470625 0.146484375 0.65 0.15234375 0.6352941171875 0.1669921875 0.6274509796875 0.1826171875 0.6264705875 0.208984375 0.6392156859375 0.2392578125 0.659803921875 0.255859375 0.6774509796875 0.26171875 0.7107843140625 0.26171875 0.7225490203125 0.2578125 0.7411764703125 0.2451171875 0.7470588234375 0.2275390625 0.7470588234375 0.2041015625 0.7352941171875 0.1748046875 0.7186274515625 0.15625
0 0.5421568625 0.197265625 0.5264705875 0.189453125 0.5009803921875 0.189453125 0.4774509796875 0.19921875 0.46666666718750005 0.2099609375 0.45490196093749996 0.2529296875 0.455882353125 0.26953125 0.4627450984375 0.2861328125 0.48333333281249996 0.30078125 0.5088235296875 0.30859375 0.5264705875 0.30859375 0.5421568625 0.302734375 0.5666666671875 0.2822265625 0.5705882359375 0.2744140625 0.5705882359375 0.2470703125 0.5607843140625 0.2197265625 0.5421568625 0.197265625
0 0.6852941171875 0.408203125 0.640196078125 0.408203125 0.6205882359375 0.41796875 0.601960784375 0.4365234375 0.598039215625 0.4482421875 0.5990196078125 0.470703125 0.6107843140625 0.49609375 0.63039215625 0.509765625 0.655882353125 0.515625 0.6833333328125 0.51171875 0.7049019609375 0.501953125 0.7176470593750001 0.4873046875 0.7235294125 0.4560546875 0.7176470593750001 0.4306640625 0.7068627453125 0.4140625 0.6852941171875 0.408203125
0 0.4490196078125 0.2509765625 0.436274509375 0.236328125 0.4166666671875 0.2265625 0.3892156859375 0.2265625 0.365686275 0.236328125 0.3568627453125 0.2470703125 0.3509803921875 0.2607421875 0.351960784375 0.28515625 0.3568627453125 0.2998046875 0.3686274515625 0.3193359375 0.38725490156250003 0.333984375 0.4088235296875 0.341796875 0.428431371875 0.34375 0.444117646875 0.337890625 0.45294117656250005 0.3291015625 0.4607843140625 0.3095703125 0.4607843140625 0.2900390625 0.4490196078125 0.2509765625
0 0.4068627453125 0.3515625 0.3931372546875 0.34375 0.38333333281250004 0.33984375 0.344117646875 0.33984375 0.3264705875 0.345703125 0.31960784375 0.3525390625 0.317647059375 0.3662109375 0.309803921875 0.3818359375 0.3107843140625 0.408203125 0.3294117640625 0.4248046875 0.33627450937500003 0.435546875 0.35 0.44140625 0.3931372546875 0.44140625 0.40294117656250006 0.439453125 0.41960784375 0.4287109375 0.4274509796875 0.4111328125 0.4274509796875 0.3857421875 0.41960784375 0.3642578125 0.4068627453125 0.3515625
0 0.3186274515625 0.259765625 0.2911764703125 0.25 0.267647059375 0.25 0.25588235312499996 0.25390625 0.23333333281250002 0.2783203125 0.23431372499999997 0.298828125 0.2372549015625 0.3115234375 0.25588235312499996 0.3359375 0.2872549015625 0.34765625 0.3009803921875 0.34765625 0.33039215624999996 0.3359375 0.3392156859375 0.3291015625 0.3470588234375 0.3134765625 0.3431372546875 0.2880859375 0.3333333328125 0.2724609375 0.3186274515625 0.259765625
0 0.1950980390625 0.21484375 0.1754901953125 0.228515625 0.16176470625 0.23046875 0.12254902031249999 0.23046875 0.1088235296875 0.2265625 0.098039215625 0.2353515625 0.0970588234375 0.283203125 0.10588235312500001 0.3037109375 0.12450980468749999 0.314453125 0.1833333328125 0.3125 0.20490196093750002 0.3046875 0.217647059375 0.2919921875 0.2529411765625 0.2509765625 0.2549019609375 0.2373046875 0.2421568625 0.2265625 0.2029411765625 0.21484375 0.1950980390625 0.21484375
0 0.209803921875 0.1904296875 0.2078431375 0.1767578125 0.198039215625 0.1533203125 0.171568628125 0.130859375 0.14607843125 0.123046875 0.132352940625 0.123046875 0.1088235296875 0.1328125 0.08823529375 0.1552734375 0.08235294062500001 0.1728515625 0.08333333281250001 0.181640625 0.08431372499999999 0.1923828125 0.09607843125 0.2119140625 0.1127450984375 0.224609375 0.12254902031249999 0.224609375 0.14607843125 0.216796875 0.165686275 0.216796875 0.1735294125 0.220703125 0.1872549015625 0.21875 0.20196078437499998 0.2080078125 0.209803921875 0.1904296875
0 0.2588235296875 0.0751953125 0.2529411765625 0.0478515625 0.244117646875 0.0390625 0.2088235296875 0.044921875 0.1950980390625 0.046875 0.1647058828125 0.0673828125 0.134313725 0.083984375 0.1294117640625 0.0869140625 0.13039215625 0.09375 0.14607843125 0.111328125 0.155882353125 0.11328125 0.1813725484375 0.134765625 0.2205882359375 0.154296875 0.23039215624999998 0.154296875 0.25 0.138671875 0.2627450984375 0.1279296875 0.2725490203125 0.1123046875 0.2725490203125 0.0966796875 0.2588235296875 0.0751953125
0 0.398039215625 0.1142578125 0.3735294125 0.091796875 0.3421568625 0.091796875 0.3127450984375 0.099609375 0.29019607812500003 0.1162109375 0.2872549015625 0.134765625 0.2921568625 0.1572265625 0.30196078437499996 0.1806640625 0.3166666671875 0.193359375 0.33627450937500003 0.203125 0.3578431375 0.205078125 0.37745097968749997 0.201171875 0.39509803906249996 0.189453125 0.41176470624999995 0.1669921875 0.41176470624999995 0.1357421875 0.398039215625 0.1142578125
0 0.2754901953125 0 0.2627450984375 0.0224609375 0.2549019609375 0.0302734375 0.25588235312499996 0.046875 0.2607843140625 0.0712890625 0.27352941249999996 0.087890625 0.2950980390625 0.09375 0.3147058828125 0.091796875 0.34607843125 0.076171875 0.36666666718749996 0.0556640625 0.3745098046875 0.0361328125 0.3745098046875 0.0107421875 0.367647059375 0 0.2754901953125 0
0 0.27450980468749997 0.5361328125 0.26176470625000003 0.5234375 0.23823529375 0.51953125 0.21862745156250002 0.52734375 0.20392156875 0.5439453125 0.194117646875 0.5732421875 0.1950980390625 0.595703125 0.20392156875 0.6162109375 0.2205882359375 0.63671875 0.23823529375 0.64453125 0.25588235312499996 0.64453125 0.26960784375 0.638671875 0.282352940625 0.6259765625 0.29019607812500003 0.6142578125 0.29607843125 0.5888671875 0.286274509375 0.5576171875 0.27450980468749997 0.5361328125
0 0.382352940625 0.4697265625 0.365686275 0.455078125 0.3186274515625 0.451171875 0.2950980390625 0.4609375 0.27647058750000003 0.4775390625 0.2705882359375 0.4892578125 0.271568628125 0.515625 0.27450980468749997 0.5224609375 0.29019607812500003 0.5380859375 0.2950980390625 0.55078125 0.33627450937500003 0.5546875 0.35392156875 0.552734375 0.3735294125 0.544921875 0.390196078125 0.5302734375 0.39607843125 0.5185546875 0.39607843125 0.4990234375 0.382352940625 0.4697265625
0 0.4 0.6123046875 0.378431371875 0.5654296875 0.36960784375 0.560546875 0.3578431375 0.560546875 0.3245098046875 0.568359375 0.3127450984375 0.576171875 0.305882353125 0.5849609375 0.30196078437499996 0.6083984375 0.28823529375 0.6298828125 0.2872549015625 0.650390625 0.29607843125 0.6728515625 0.30294117656249997 0.677734375 0.3166666671875 0.677734375 0.334313725 0.669921875 0.348039215625 0.66796875 0.40490196093749997 0.671875 0.40980392187500003 0.6591796875 0.40980392187500003 0.6474609375 0.40196078437500005 0.6279296875 0.4 0.6123046875
0 0.1931372546875 0.859375 0.17941176406249998 0.8671875 0.1686274515625 0.8798828125 0.1568627453125 0.9111328125 0.1578431375 0.935546875 0.1686274515625 0.9580078125 0.1774509796875 0.966796875 0.1970588234375 0.97265625 0.22450980468749998 0.97265625 0.236274509375 0.96875 0.2549019609375 0.9541015625 0.2647058828125 0.9345703125 0.2647058828125 0.8974609375 0.23039215624999998 0.861328125 0.1931372546875 0.859375
0 0.194117646875 0.7939453125 0.1852941171875 0.77734375 0.165686275 0.763671875 0.14607843125 0.755859375 0.1147058828125 0.7578125 0.1078431375 0.7646484375 0.1088235296875 0.77734375 0.113725490625 0.7900390625 0.1254901953125 0.8564453125 0.13039215625 0.861328125 0.163725490625 0.86328125 0.1813725484375 0.85546875 0.18823529375 0.8486328125 0.194117646875 0.8408203125 0.198039215625 0.8271484375 0.198039215625 0.8095703125 0.194117646875 0.7939453125
0 0.267647059375 0.7109375 0.25392156875 0.705078125 0.23039215624999998 0.705078125 0.2029411765625 0.716796875 0.18823529375 0.7392578125 0.1872549015625 0.76171875 0.198039215625 0.7861328125 0.2166666671875 0.8046875 0.23823529375 0.814453125 0.25196078437499997 0.814453125 0.263725490625 0.810546875 0.286274509375 0.7900390625 0.29019607812500003 0.7822265625 0.28823529375 0.7392578125 0.28039215624999997 0.7236328125 0.267647059375 0.7109375
0 0.417647059375 0.6904296875 0.40490196093749997 0.6796875 0.344117646875 0.67578125 0.328431371875 0.6796875 0.31176470625 0.6982421875 0.3107843140625 0.7265625 0.317647059375 0.7470703125 0.334313725 0.765625 0.365686275 0.775390625 0.3754901953125 0.775390625 0.38725490156250003 0.7734375 0.40294117656250006 0.765625 0.415686275 0.7548828125 0.4274509796875 0.7353515625 0.4274509796875 0.7080078125 0.417647059375 0.6904296875
0 0.471568628125 0.78515625 0.45392156874999995 0.78125 0.436274509375 0.78515625 0.41274509843749996 0.798828125 0.39607843125 0.8173828125 0.390196078125 0.8291015625 0.39117647031249997 0.86328125 0.40196078437500005 0.8818359375 0.4147058828125 0.892578125 0.44019607812499995 0.900390625 0.46960784375 0.89453125 0.4921568625 0.8759765625 0.5 0.8623046875 0.5039215687499999 0.8505859375 0.501960784375 0.8193359375 0.49411764687500004 0.8056640625 0.471568628125 0.78515625
0 0.59607843125 0.8486328125 0.5852941171875 0.83984375 0.563725490625 0.8359375 0.55392156875 0.830078125 0.5323529406249999 0.833984375 0.5078431375 0.8564453125 0.5039215687499999 0.8642578125 0.5 0.8818359375 0.5009803921875 0.90234375 0.5078431375 0.9287109375 0.5264705875 0.9453125 0.54607843125 0.953125 0.563725490625 0.953125 0.5794117640625001 0.94921875 0.6 0.9267578125 0.6058823531249999 0.9111328125 0.6078431375 0.8857421875 0.598039215625 0.8642578125 0.59607843125 0.8486328125
0 0.7205882359375 1 0.7254901953124999 0.9951171875 0.7333333328125 0.9755859375 0.7313725484375 0.9462890625 0.7176470593750001 0.9228515625 0.7068627453125 0.9140625 0.6833333328125 0.90625 0.651960784375 0.90625 0.6323529406249999 0.9140625 0.6274509796875 0.9208984375 0.6176470593750001 0.9482421875 0.6186274515625 0.970703125 0.61960784375 0.9775390625 0.6323529406249999 1 0.7205882359375 1
0 0.740196078125 0.8125 0.7225490203125 0.802734375 0.6794117640625 0.802734375 0.659803921875 0.810546875 0.6431372546875 0.8271484375 0.6352941171875 0.8427734375 0.6343137249999999 0.85546875 0.6372549015625 0.8759765625 0.65 0.89453125 0.665686275 0.900390625 0.7009803921875 0.904296875 0.7245098046875 0.89453125 0.7450980390625 0.8779296875 0.7549019609375 0.8544921875 0.7549019609375 0.8349609375 0.7490196078125 0.8212890625 0.740196078125 0.8125
0 0.7009803921875 0.6953125 0.671568628125 0.685546875 0.6460784312500001 0.685546875 0.6264705875 0.69140625 0.61176470625 0.7060546875 0.601960784375 0.7294921875 0.6029411765625 0.75 0.6039215687499999 0.7607421875 0.6166666671875001 0.7734375 0.640196078125 0.7890625 0.671568628125 0.794921875 0.6950980390625 0.791015625 0.713725490625 0.7783203125 0.7254901953124999 0.7548828125 0.7254901953124999 0.7314453125 0.71176470625 0.7041015625 0.7009803921875 0.6953125
0 0.7225490203125 0.484375 0.7147058828125 0.498046875 0.6970588234374999 0.509765625 0.6735294125 0.51953125 0.6666666671875 0.5263671875 0.6607843140624999 0.5400390625 0.66176470625 0.5546875 0.6686274515624999 0.5712890625 0.6892156859375 0.5859375 0.7205882359375 0.591796875 0.748039215625 0.5859375 0.767647059375 0.57421875 0.78039215625 0.5576171875 0.786274509375 0.5400390625 0.78039215625 0.5087890625 0.771568628125 0.498046875 0.7225490203125 0.484375
0 0.836274509375 0.541015625 0.8264705875 0.53515625 0.8068627453125 0.533203125 0.7990196078125 0.537109375 0.7588235296875 0.5947265625 0.7549019609375 0.6025390625 0.755882353125 0.619140625 0.7647058828125 0.6474609375 0.7794117640625 0.662109375 0.7892156859375 0.666015625 0.8088235296875 0.666015625 0.8205882359375 0.662109375 0.8431372546875 0.6435546875 0.8607843140625 0.6142578125 0.8627450984375 0.5908203125 0.8509803921874999 0.5576171875 0.836274509375 0.541015625
0 0.8588235296875 0.7138671875 0.834313725 0.685546875 0.8225490203125 0.6796875 0.7892156859375 0.6796875 0.7754901953125 0.6875 0.7607843140624999 0.7099609375 0.759803921875 0.734375 0.7647058828125 0.7490234375 0.7764705875 0.7646484375 0.7970588234375 0.783203125 0.8147058828124999 0.791015625 0.832352940625 0.791015625 0.83823529375 0.787109375 0.8529411765624999 0.7724609375 0.8627450984375 0.7509765625 0.8627450984375 0.7236328125 0.8588235296875 0.7138671875
0 0.95392156875 0.658203125 0.9421568625000001 0.654296875 0.9107843140625 0.654296875 0.8911764703125 0.662109375 0.8745098046875001 0.6767578125 0.8666666671875 0.6884765625 0.8627450984375 0.7021484375 0.863725490625 0.71875 0.8666666671875 0.7294921875 0.8950980390625001 0.751953125 0.9166666671874999 0.759765625 0.9441176468749999 0.76171875 0.9676470593750001 0.751953125 0.984313725 0.7373046875 0.9882352937500001 0.7216796875 0.9882352937500001 0.6962890625 0.98039215625 0.6787109375 0.95392156875 0.658203125
0 0.9303921562499999 0.49609375 0.9039215687500001 0.5185546875 0.898039215625 0.5302734375 0.8990196078125001 0.556640625 0.901960784375 0.5654296875 0.9088235296875 0.572265625 0.9421568625000001 0.591796875 0.959803921875 0.59765625 0.9990196078125001 0.603515625 1 0.5029296875 0.9852941171875 0.4921875 0.9696078437500001 0.48828125 0.95 0.48828125 0.9303921562499999 0.49609375
0 0.96176470625 0.849609375 0.9421568625000001 0.841796875 0.9166666671874999 0.84375 0.8892156859375 0.857421875 0.8705882359375 0.8798828125 0.8696078437500001 0.916015625 0.8803921562499999 0.9365234375 0.8911764703125 0.947265625 0.9088235296875 0.955078125 0.9401960781250001 0.955078125 0.959803921875 0.9453125 0.9764705875 0.9267578125 0.984313725 0.9072265625 0.984313725 0.8818359375 0.9725490203125 0.8603515625 0.96176470625 0.849609375
0 0.7490196078125 0.9267578125 0.7352941171875 0.9482421875 0.736274509375 0.962890625 0.7411764703125 0.9755859375 0.759803921875 1 0.8529411765624999 0.9990234375 0.8549019609374999 0.9814453125 0.8431372546875 0.9521484375 0.828431371875 0.93359375 0.8049019609375 0.919921875 0.7892156859375 0.916015625 0.7617647062499999 0.916015625 0.7490196078125 0.9267578125
1 0.832352940625 0.837890625 0.8166666671874999 0.830078125 0.7950980390625 0.830078125 0.7774509796875 0.83984375 0.7705882359375 0.8466796875 0.767647059375 0.8671875 0.7686274515625 0.8798828125 0.7745098046875001 0.8935546875 0.7813725484375 0.900390625 0.8009803921875 0.908203125 0.8147058828124999 0.908203125 0.83039215625 0.90234375 0.8431372546875 0.8818359375 0.8431372546875 0.8564453125 0.8392156859375 0.8447265625 0.832352940625 0.837890625
1 0.8970588234375001 0.759765625 0.8725490203125 0.7724609375 0.8705882359375 0.7802734375 0.8509803921874999 0.7998046875 0.85 0.80859375 0.8529411765624999 0.8212890625 0.8656862750000001 0.83203125 0.8774509796875 0.83203125 0.8852941171875001 0.8359375 0.8970588234375001 0.833984375 0.9333333328125001 0.8095703125 0.9372549015624999 0.7978515625 0.9352941171875001 0.7822265625 0.9225490203125 0.765625 0.8970588234375001 0.759765625
1 0.6529411765625001 0.5908203125 0.6372549015625 0.6181640625 0.6333333328124999 0.6357421875 0.6343137249999999 0.65234375 0.6392156859375 0.6650390625 0.648039215625 0.67578125 0.663725490625 0.681640625 0.6852941171875 0.68359375 0.7176470593750001 0.6279296875 0.721568628125 0.5966796875 0.7127450984375 0.591796875 0.6892156859375 0.587890625 0.667647059375 0.578125 0.6529411765625001 0.5908203125
1 0.5166666671875 0.7421875 0.5029411765625 0.7421875 0.4852941171875 0.751953125 0.4764705875 0.7666015625 0.4754901953125 0.779296875 0.48039215625000004 0.7900390625 0.49411764687500004 0.8017578125 0.5088235296875 0.8203125 0.528431371875 0.8203125 0.5519607843750001 0.810546875 0.5568627453125 0.8017578125 0.5549019609375 0.7724609375 0.5509803921875001 0.7646484375 0.5401960781249999 0.75390625 0.5166666671875 0.7421875
1 0.536274509375 1 0.5509803921875001 0.9794921875 0.5529411765625001 0.9599609375 0.5401960781249999 0.951171875 0.5264705875 0.947265625 0.4990196078125 0.921875 0.49411764687500004 0.9248046875 0.4705882359375 0.9638671875 0.46960784375 0.99609375 0.471568628125 1 0.536274509375 1
1 0.332352940625 0.78125 0.3166666671875 0.78125 0.2990196078125 0.787109375 0.27450980468749997 0.8076171875 0.27352941249999996 0.822265625 0.27647058750000003 0.8330078125 0.28431372499999996 0.8447265625 0.3068627453125 0.857421875 0.328431371875 0.857421875 0.3421568625 0.853515625 0.35882352968750003 0.8388671875 0.36274509843749997 0.8291015625 0.36274509843749997 0.8154296875 0.35490196093750004 0.7880859375 0.332352940625 0.78125
1 0.4431372546875 0.5849609375 0.4205882359375 0.556640625 0.3990196078125 0.552734375 0.39117647031249997 0.5546875 0.382352940625 0.5615234375 0.38333333281250004 0.57421875 0.405882353125 0.6201171875 0.41176470624999995 0.6455078125 0.41176470624999995 0.6669921875 0.4205882359375 0.67578125 0.4264705875 0.67578125 0.43823529375000003 0.669921875 0.4490196078125 0.6572265625 0.45294117656250005 0.6396484375 0.4509803921875 0.6025390625 0.4431372546875 0.5849609375
1 0.1872549015625 0.62109375 0.171568628125 0.62109375 0.144117646875 0.6328125 0.1352941171875 0.6435546875 0.134313725 0.66015625 0.1352941171875 0.6708984375 0.1431372546875 0.6884765625 0.159803921875 0.701171875 0.1774509796875 0.70703125 0.1970588234375 0.70703125 0.213725490625 0.6884765625 0.221568628125 0.6708984375 0.215686275 0.6552734375 0.2 0.6318359375 0.1872549015625 0.62109375
1 0.2578431375 0.3671875 0.23823529375 0.369140625 0.2225490203125 0.380859375 0.2147058828125 0.3828125 0.2078431375 0.3916015625 0.20686274531249998 0.404296875 0.2078431375 0.4130859375 0.215686275 0.4248046875 0.232352940625 0.439453125 0.24607843125 0.443359375 0.263725490625 0.44140625 0.2794117640625 0.43359375 0.2921568625 0.4189453125 0.28823529375 0.4013671875 0.278431371875 0.3818359375 0.2578431375 0.3671875
1 0.14215686249999998 0.37109375 0.159803921875 0.373046875 0.18039215625 0.3583984375 0.18235294062500002 0.3447265625 0.18039215625 0.3388671875 0.16960784375 0.330078125 0.14607843125 0.322265625 0.121568628125 0.3330078125 0.12058823593750001 0.3515625 0.14215686249999998 0.37109375
1 0.428431371875 0.029296875 0.4205882359375 0.029296875 0.40490196093749997 0.037109375 0.394117646875 0.0478515625 0.3931372546875 0.064453125 0.4 0.0830078125 0.4225490203125 0.099609375 0.43235294062499996 0.099609375 0.444117646875 0.09375 0.4509803921875 0.0888671875 0.45490196093749996 0.0791015625 0.45490196093749996 0.0576171875 0.4509803921875 0.0478515625 0.43823529375000003 0.033203125 0.428431371875 0.029296875
1 0.463725490625 0 0.463725490625 0.00390625 0.4705882359375 0.0224609375 0.484313725 0.0888671875 0.4911764703125 0.09765625 0.5049019609375 0.095703125 0.5186274515625 0.087890625 0.5235294125000001 0.0810546875 0.5313725484375 0.0537109375 0.5294117640625 0.0361328125 0.51960784375 0.0068359375 0.5147058828125 0 0.463725490625 0
1 0.8588235296875 0.0908203125 0.859803921875 0.109375 0.8852941171875001 0.15625 0.9029411765625 0.158203125 0.915686275 0.1494140625 0.91960784375 0.1416015625 0.91960784375 0.1298828125 0.9078431374999999 0.1103515625 0.8892156859375 0.08984375 0.8735294124999999 0.083984375 0.863725490625 0.0859375 0.8588235296875 0.0908203125
1 0.9647058828124999 0.0830078125 0.9794117640625 0.09765625 0.9931372546875 0.107421875 0.9990196078125001 0.107421875 1 0.0380859375 0.9931372546875 0.037109375 0.9696078437500001 0.05078125 0.9627450984375001 0.0576171875 0.96176470625 0.064453125 0.9647058828124999 0.0830078125
0 0.9950980390625 1 0.99607843125 0.9931640625 0.9833333328125 0.978515625 0.9715686281249999 0.970703125 0.959803921875 0.966796875 0.932352940625 0.966796875 0.9088235296875 0.974609375 0.898039215625 0.9853515625 0.890196078125 0.9970703125 0.8911764703125 1 0.9950980390625 1