0 0.036274509375 0.59375 0.05392156875 0.5859375 0.071568628125 0.57421875 0.086274509375 0.5576171875 0.0921568625 0.5458984375 0.0950980390625 0.525390625 0.09607843125 0.5048828125 0.0921568625 0.4931640625 0.0774509796875 0.47265625 0.057843137499999996 0.4609375 0.040196078125 0.4609375 0.026470587499999997 0.466796875 0.013725490625 0.4755859375 0 0.4990234375 0.001960784375 0.5830078125 0.0088235296875 0.58984375 0.0225490203125 0.595703125 0.036274509375 0.59375
0 0 0.6845703125 0.0068627453125 0.693359375 0.028431371875 0.701171875 0.0735294125 0.701171875 0.0813725484375 0.697265625 0.1 0.6767578125 0.10980392187500002 0.6630859375 0.1127450984375 0.650390625 0.113725490625 0.6416015625 0.1078431375 0.6240234375 0.09117647031250001 0.603515625 0.06960784375 0.595703125 0.038235293749999996 0.599609375 0.0049019609375 0.61328125 0 0.6201171875 0 0.6845703125
0 0.24607843125 0.6484375 0.265686275 0.65625 0.2950980390625 0.65625 0.3147058828125 0.64453125 0.3294117640625 0.6259765625 0.332352940625 0.599609375 0.3274509796875 0.5751953125 0.313725490625 0.5537109375 0.2970588234375 0.541015625 0.2813725484375 0.53515625 0.259803921875 0.53515625 0.23823529375 0.544921875 0.221568628125 0.5654296875 0.215686275 0.5849609375 0.217647059375 0.6123046875 0.2274509796875 0.6318359375 0.24607843125 0.6484375
0 0.26176470625000003 0.806640625 0.2852941171875 0.806640625 0.3107843140625 0.796875 0.3235294125 0.7861328125 0.3352941171875 0.7685546875 0.33823529375 0.755859375 0.3392156859375 0.7294921875 0.3352941171875 0.7158203125 0.3147058828125 0.6953125 0.2970588234375 0.6875 0.26960784375 0.6875 0.24803921562500003 0.693359375 0.2254901953125 0.7138671875 0.21176470625000002 0.7431640625 0.213725490625 0.7705078125 0.23823529375 0.796875 0.26176470625000003 0.806640625
0 0.3813725484375 0.791015625 0.40098039218750003 0.798828125 0.436274509375 0.80078125 0.46176470625 0.79296875 0.490196078125 0.7607421875 0.49509803906250005 0.75 0.49411764687500004 0.7294921875 0.484313725 0.7099609375 0.46960784375 0.6953125 0.44215686249999997 0.681640625 0.40490196093749997 0.6796875 0.39117647031249997 0.68359375 0.36666666718749996 0.7021484375 0.3529411765625 0.7275390625 0.3529411765625 0.7548828125 0.3647058828125 0.7744140625 0.3813725484375 0.791015625
0 0.2833333328125 0.96484375 0.3147058828125 0.98046875 0.33039215624999996 0.978515625 0.359803921875 0.966796875 0.3705882359375 0.9580078125 0.3813725484375 0.939453125 0.38039215625 0.9169921875 0.37254902031250003 0.8974609375 0.351960784375 0.875 0.334313725 0.8671875 0.30882352968750004 0.865234375 0.2872549015625 0.873046875 0.2647058828125 0.8916015625 0.2607843140625 0.8994140625 0.2588235296875 0.9287109375 0.2686274515625 0.9482421875 0.2833333328125 0.96484375
0 0.11960784375 0.9306640625 0.10980392187500002 0.9521484375 0.10980392187500002 0.9736328125 0.11568627499999999 0.9990234375 0.21274509843749997 1 0.2147058828125 0.99609375 0.215686275 0.9619140625 0.2078431375 0.9423828125 0.198039215625 0.9287109375 0.1813725484375 0.9140625 0.163725490625 0.90625 0.14607843125 0.904296875 0.134313725 0.91015625 0.11960784375 0.9306640625
0 0.5794117640625001 0.939453125 0.6009803921875 0.939453125 0.6323529406249999 0.9296875 0.648039215625 0.91796875 0.6627450984375 0.9013671875 0.6735294125 0.876953125 0.6725490203125 0.8583984375 0.65392156875 0.83984375 0.6245098046875001 0.826171875 0.5970588234374999 0.82421875 0.567647059375 0.833984375 0.5470588234375 0.8544921875 0.5372549015625 0.8701171875 0.5372549015625 0.8994140625 0.5450980390625 0.9150390625 0.56176470625 0.931640625 0.5794117640625001 0.939453125
0 0.6323529406249999 0.9453125 0.6166666671875001 0.9453125 0.6009803921875 0.951171875 0.582352940625 0.9736328125 0.5725490203125 0.9990234375 0.6931372546875 1 0.686274509375 0.9814453125 0.665686275 0.9609375 0.6323529406249999 0.9453125
0 0.5774509796875 0.7890625 0.6049019609374999 0.7890625 0.6225490203125 0.77734375 0.6372549015625 0.7626953125 0.6470588234375 0.7470703125 0.65 0.73046875 0.6490196078125 0.7138671875 0.6323529406249999 0.69140625 0.5990196078125 0.677734375 0.5754901953125 0.677734375 0.555882353125 0.685546875 0.5411764703124999 0.7001953125 0.5294117640625 0.7294921875 0.5294117640625 0.7568359375 0.54607843125 0.775390625 0.559803921875 0.783203125 0.5774509796875 0.7890625
0 0.9009803921874999 1 0.9058823531250001 0.9931640625 0.9068627453125 0.984375 0.9078431374999999 0.9638671875 0.898039215625 0.9423828125 0.8813725484375 0.92578125 0.855882353125 0.9140625 0.8401960781250001 0.9140625 0.8068627453125 0.92578125 0.78823529375 0.9482421875 0.786274509375 0.9736328125 0.7970588234375 1 0.9009803921874999 1
0 0.7813725484375 0.783203125 0.8009803921875 0.783203125 0.8166666671874999 0.779296875 0.834313725 0.76953125 0.8549019609374999 0.7470703125 0.86176470625 0.728515625 0.8588235296875 0.7001953125 0.8401960781250001 0.67578125 0.8205882359375 0.669921875 0.7911764703124999 0.669921875 0.7774509796875 0.67578125 0.7568627453125 0.6943359375 0.7450980390625 0.7197265625 0.7431372546875 0.7373046875 0.7450980390625 0.7509765625 0.759803921875 0.7734375 0.7813725484375 0.783203125
0 0.8813725484375 0.74609375 0.9068627453125 0.759765625 0.9284313718750001 0.76171875 0.959803921875 0.7421875 0.9666666671874999 0.7353515625 0.9676470593750001 0.728515625 0.9666666671874999 0.6884765625 0.9588235296875001 0.6669921875 0.951960784375 0.66015625 0.9186274515624999 0.650390625 0.8970588234375001 0.65234375 0.8794117640625 0.65625 0.8725490203125 0.6611328125 0.8666666671875 0.6865234375 0.8686274515625 0.7177734375 0.8686274515625 0.7294921875 0.8813725484375 0.74609375
0 0.9352941171875001 0.9345703125 0.9450980390625 0.9560546875 0.963725490625 0.97265625 0.9754901953124999 0.978515625 0.9833333328125 0.978515625 0.9852941171875 0.970703125 0.984313725 0.8779296875 0.9715686281249999 0.87109375 0.959803921875 0.87109375 0.9490196078125 0.8798828125 0.9372549015624999 0.9013671875 0.9352941171875001 0.9345703125
0 0.8421568625000001 0.513671875 0.8676470593750001 0.52734375 0.8813725484375 0.52734375 0.8990196078125001 0.521484375 0.9098039218749999 0.5126953125 0.9225490203125 0.486328125 0.921568628125 0.4404296875 0.91176470625 0.4228515625 0.8970588234375001 0.40625 0.8833333328125 0.400390625 0.8656862750000001 0.400390625 0.851960784375 0.404296875 0.8372549015624999 0.4169921875 0.8215686281249999 0.4462890625 0.8196078437500001 0.4677734375 0.8254901953125 0.4892578125 0.8421568625000001 0.513671875
0 0.705882353125 0.4794921875 0.713725490625 0.5048828125 0.7617647062499999 0.5390625 0.7852941171875 0.541015625 0.8019607843750001 0.5107421875 0.8029411765625 0.5 0.8039215687500001 0.4658203125 0.8 0.4541015625 0.7823529406249999 0.4287109375 0.763725490625 0.4140625 0.7578431375 0.4140625 0.740196078125 0.42578125 0.7186274515625 0.43359375 0.705882353125 0.4501953125 0.705882353125 0.4794921875
0 0.7078431375 0.4384765625 0.7166666671875 0.431640625 0.748039215625 0.41796875 0.7578431375 0.40625 0.7666666671875 0.4013671875 0.76960784375 0.39453125 0.7627450984374999 0.3662109375 0.7509803921875 0.3486328125 0.740196078125 0.337890625 0.7147058828125 0.328125 0.6892156859375 0.330078125 0.667647059375 0.34375 0.6549019609375 0.3583984375 0.6470588234375 0.3837890625 0.6490196078125 0.4033203125 0.6549019609375 0.4150390625 0.6872549015625 0.447265625 0.6950980390625 0.451171875 0.7029411765625 0.44921875 0.7078431375 0.4384765625
0 0.744117646875 0.66796875 0.7578431375 0.6640625 0.771568628125 0.654296875 0.78823529375 0.6357421875 0.794117646875 0.6220703125 0.7970588234375 0.603515625 0.79607843125 0.5810546875 0.78823529375 0.5673828125 0.7735294125000001 0.5546875 0.748039215625 0.546875 0.7127450984375 0.548828125 0.7 0.5615234375 0.6921568625 0.5771484375 0.705882353125 0.5986328125 0.7078431375 0.6083984375 0.7078431375 0.6279296875 0.701960784375 0.6552734375 0.7068627453125 0.66015625 0.7264705874999999 0.66796875 0.744117646875 0.66796875
0 0.6166666671875001 0.66796875 0.640196078125 0.677734375 0.659803921875 0.677734375 0.6852941171875 0.666015625 0.6980392156249999 0.6533203125 0.7049019609375 0.630859375 0.705882353125 0.6083984375 0.701960784375 0.5947265625 0.6872549015625 0.578125 0.66176470625 0.56640625 0.63039215625 0.56640625 0.6127450984375 0.57421875 0.594117646875 0.5966796875 0.58823529375 0.6259765625 0.59607843125 0.6474609375 0.6049019609374999 0.658203125 0.6166666671875001 0.66796875
0 0.567647059375 0.5390625 0.5852941171875 0.537109375 0.590196078125 0.5322265625 0.598039215625 0.5068359375 0.6107843140625 0.494140625 0.6323529406249999 0.48046875 0.6313725484375 0.4638671875 0.621568628125 0.4462890625 0.5950980390625 0.423828125 0.563725490625 0.423828125 0.534313725 0.43359375 0.517647059375 0.4521484375 0.5117647062499999 0.4677734375 0.5117647062499999 0.4853515625 0.5254901953125 0.5166015625 0.5401960781249999 0.529296875 0.555882353125 0.537109375 0.567647059375 0.5390625
0 0.594117646875 0.5615234375 0.6049019609374999 0.572265625 0.636274509375 0.5625 0.663725490625 0.5625 0.6872549015625 0.568359375 0.7068627453125 0.546875 0.7078431375 0.5087890625 0.7 0.4912109375 0.6872549015625 0.482421875 0.6735294125 0.478515625 0.6421568625 0.48046875 0.6127450984375 0.49609375 0.59607843125 0.5166015625 0.590196078125 0.5361328125 0.594117646875 0.5615234375
0 0.5352941171875 0.3955078125 0.555882353125 0.41015625 0.5813725484375001 0.41796875 0.6049019609374999 0.41796875 0.6274509796875 0.3994140625 0.640196078125 0.35546875 0.6411764703125 0.3310546875 0.6372549015625 0.3232421875 0.6186274515625 0.302734375 0.6029411765625 0.294921875 0.5892156859375001 0.29296875 0.56960784375 0.296875 0.5254901953125 0.3271484375 0.5254901953125 0.3349609375 0.5352941171875 0.3603515625 0.5352941171875 0.3955078125
0 0.43137254843750006 0.3681640625 0.459803921875 0.40234375 0.4852941171875 0.4140625 0.5088235296875 0.41015625 0.5254901953125 0.3955078125 0.53039215625 0.37109375 0.5274509796875 0.3427734375 0.51960784375 0.3251953125 0.4872549015625 0.2890625 0.46764705937500006 0.279296875 0.44215686249999997 0.279296875 0.4254901953125 0.2900390625 0.417647059375 0.3076171875 0.417647059375 0.3388671875 0.43137254843750006 0.3681640625
0 0.2549019609375 0.3740234375 0.2774509796875 0.3984375 0.3107843140625 0.4140625 0.334313725 0.412109375 0.3509803921875 0.3994140625 0.3578431375 0.365234375 0.3568627453125 0.3388671875 0.3509803921875 0.3232421875 0.3264705875 0.30078125 0.3049019609375 0.287109375 0.2833333328125 0.28515625 0.27352941249999996 0.2890625 0.2529411765625 0.3095703125 0.2431372546875 0.3291015625 0.2431372546875 0.3486328125 0.2549019609375 0.3740234375
0 0.25392156875 0.265625 0.271568628125 0.265625 0.2872549015625 0.259765625 0.3 0.2470703125 0.309803921875 0.2314453125 0.3147058828125 0.212890625 0.315686275 0.1943359375 0.309803921875 0.1787109375 0.2931372546875 0.16015625 0.2754901953125 0.150390625 0.2421568625 0.146484375 0.232352940625 0.1484375 0.209803921875 0.1669921875 0.20392156875 0.1826171875 0.20392156875 0.2080078125 0.21176470625000002 0.2294921875 0.228431371875 0.251953125 0.25392156875 0.265625
0 0.267647059375 0.14453125 0.2794117640625 0.1484375 0.2931372546875 0.14453125 0.305882353125 0.1318359375 0.317647059375 0.1142578125 0.3186274515625 0.10546875 0.31960784375 0.0810546875 0.31176470625 0.0615234375 0.3009803921875 0.048828125 0.2833333328125 0.041015625 0.263725490625 0.041015625 0.25392156875 0.05078125 0.22647058750000001 0.060546875 0.209803921875 0.0771484375 0.20588235312499997 0.0966796875 0.209803921875 0.1181640625 0.22647058750000001 0.13671875 0.244117646875 0.14453125 0.267647059375 0.14453125
0 0.05392156875 0.052734375 0.06960784375 0.05859375 0.0970588234375 0.05859375 0.1166666671875 0.05078125 0.1352941171875 0.0302734375 0.14019607812499998 0.015625 0.14019607812499998 0 0.01960784375 0.0009765625 0.01960784375 0.0087890625 0.0352941171875 0.0341796875 0.05392156875 0.052734375
0 0.33823529375 0.1796875 0.355882353125 0.189453125 0.3754901953125 0.19140625 0.40294117656250006 0.181640625 0.417647059375 0.1669921875 0.4264705875 0.142578125 0.4254901953125 0.1142578125 0.41960784375 0.1025390625 0.40098039218750003 0.083984375 0.3892156859375 0.078125 0.36176470625 0.076171875 0.35 0.080078125 0.321568628125 0.1025390625 0.315686275 0.1259765625 0.31960784375 0.1533203125 0.3274509796875 0.1689453125 0.33823529375 0.1796875
0 0.4578431375 0.25390625 0.4754901953125 0.251953125 0.486274509375 0.2451171875 0.498039215625 0.2236328125 0.509803921875 0.2099609375 0.5147058828125 0.197265625 0.513725490625 0.1826171875 0.49705882343749996 0.162109375 0.46764705937500006 0.14453125 0.45392156874999995 0.140625 0.43039215625000005 0.14453125 0.421568628125 0.1669921875 0.39607843125 0.1904296875 0.41176470624999995 0.2255859375 0.434313725 0.24609375 0.4578431375 0.25390625
0 0.434313725 0 0.4225490203125 0.01953125 0.41274509843749996 0.029296875 0.3931372546875 0.0390625 0.390196078125 0.0439453125 0.390196078125 0.0556640625 0.39607843125 0.0654296875 0.4147058828125 0.078125 0.444117646875 0.107421875 0.463725490625 0.103515625 0.48039215625000004 0.0849609375 0.4852941171875 0.0703125 0.484313725 0.0302734375 0.46568627500000004 0 0.434313725 0
0 0.490196078125 0.0478515625 0.5049019609375 0.056640625 0.528431371875 0.0546875 0.544117646875 0.046875 0.5568627453125 0.0302734375 0.559803921875 0.015625 0.5607843140625 0.0068359375 0.5578431375 0 0.4725490203125 0.0009765625 0.486274509375 0.0283203125 0.490196078125 0.0478515625
0 0.6372549015625 0.0439453125 0.65392156875 0.064453125 0.665686275 0.072265625 0.7186274515625 0.072265625 0.7372549015625001 0.0576171875 0.748039215625 0.041015625 0.7470588234375 0.0166015625 0.736274509375 0 0.6372549015625 0.0009765625 0.6333333328124999 0.0146484375 0.6333333328124999 0.0302734375 0.6372549015625 0.0439453125
0 0.177759846875 0.3285841875 0.20031147031250002 0.31757265156250003 0.21976777187500002 0.29114496875 0.2250740359375 0.25678898437500003 0.20075365937499998 0.20305269531249998 0.1888145640625 0.1880770078125 0.1742223375 0.186755625 0.1463644515625 0.18719608593749998 0.114084678125 0.1933625421875 0.0804783375 0.20965961718749998 0.06853924375 0.234325453125 0.0698658125 0.26515775 0.08092052968749999 0.283657128125 0.1043565296875 0.300394659375 0.1401738125 0.31845357343749997 0.177759846875 0.3285841875
0 0.814511540625 0.303477890625 0.827335015625 0.28718081562500003 0.839274109375 0.2629554421875 0.8428116203125 0.2378491453125 0.8335256546875 0.21186192187500003 0.80610995625 0.18411285625 0.7764833171875 0.1779463953125 0.7371285249999999 0.189398390625 0.70705969375 0.210981 0.690256525 0.236968221875 0.6893721484374999 0.2655982109375 0.6946784125 0.2889426640625 0.7092706390625 0.3047992734375 0.7375707140625 0.3166917296875 0.7795786390624999 0.32109634374999996 0.7985927484374999 0.314489421875 0.814511540625 0.303477890625
0 0.8980301374999999 0.8326646171875 0.8918641640624999 0.8177486015625 0.8821747765625 0.80590353125 0.8698428281249999 0.797568109375 0.84561935625 0.7949358703125 0.832406553125 0.7940584609375 0.8222767375 0.793181046875 0.794970278125 0.79888423125 0.7760319296875 0.8102905937499999 0.7636999796875 0.831787203125 0.7641404078125 0.8624966484375 0.772948940625 0.88487066875 0.7892447328125 0.9059285734375001 0.8051000937499999 0.91689623125 0.8249192984375 0.9142639921875 0.8487023453125 0.9103156374999999 0.864117278125 0.9015415109375 0.8799726437500001 0.8879416125 0.890102459375 0.8734643046875 0.8997918468749999 0.8532838125 0.8980301374999999 0.8326646171875
1 0.3568627453125 0.8720703125 0.3794117640625 0.90234375 0.3990196078125 0.900390625 0.43333333281249997 0.8681640625 0.44117647031249996 0.8544921875 0.44607843125 0.82421875 0.4470588234375 0.8154296875 0.44215686249999997 0.8125 0.4068627453125 0.806640625 0.3852941171875 0.81640625 0.35882352968750003 0.8447265625 0.35490196093750004 0.8544921875 0.3568627453125 0.8720703125
1 0.40490196093749997 0.4921875 0.428431371875 0.484375 0.45392156874999995 0.48046875 0.46568627500000004 0.46875 0.471568628125 0.466796875 0.49705882343749996 0.46484375 0.498039215625 0.4541015625 0.48921568593750003 0.4453125 0.46568627500000004 0.435546875 0.4264705875 0.43359375 0.40490196093749997 0.427734375 0.39117647031249997 0.419921875 0.3735294125 0.41796875 0.36176470625 0.419921875 0.35490196093750004 0.4306640625 0.3568627453125 0.4482421875 0.36666666718749996 0.4716796875 0.3794117640625 0.482421875 0.40490196093749997 0.4921875
1 0.148039215625 0.58203125 0.1833333328125 0.58203125 0.1911764703125 0.578125 0.1970588234375 0.5703125 0.2078431375 0.5654296875 0.21274509843749997 0.552734375 0.21176470625000002 0.5361328125 0.20098039218750002 0.5234375 0.1911764703125 0.517578125 0.17941176406249998 0.515625 0.163725490625 0.505859375 0.15392156875000002 0.50390625 0.12450980468749999 0.509765625 0.117647059375 0.5146484375 0.113725490625 0.5244140625 0.113725490625 0.5576171875 0.12254902031249999 0.56640625 0.13039215625 0.56640625 0.148039215625 0.58203125
1 0.31960784375 0.2763671875 0.33039215624999996 0.2890625 0.340196078125 0.294921875 0.359803921875 0.29296875 0.3764705875 0.2783203125 0.3794117640625 0.271484375 0.378431371875 0.2470703125 0.363725490625 0.228515625 0.3421568625 0.228515625 0.33039215624999996 0.234375 0.31960784375 0.2470703125 0.31960784375 0.2763671875
1 0.38039215625 0.3623046875 0.378431371875 0.3779296875 0.382352940625 0.3896484375 0.4088235296875 0.412109375 0.4264705875 0.4140625 0.444117646875 0.400390625 0.4450980390625 0.3896484375 0.44117647031249996 0.3818359375 0.4274509796875 0.3623046875 0.41078431406249993 0.34765625 0.39509803906249996 0.34765625 0.38039215625 0.3623046875
1 0.48823529375 0.2529296875 0.49411764687500004 0.2666015625 0.5009803921875 0.2734375 0.5186274515625 0.279296875 0.5450980390625 0.2607421875 0.55392156875 0.23828125 0.5529411765625001 0.2158203125 0.5470588234375 0.2060546875 0.5323529406249999 0.19921875 0.5186274515625 0.19921875 0.49411764687500004 0.2314453125 0.48823529375 0.2451171875 0.48823529375 0.2529296875
1 0.8333333328125001 0.3544921875 0.8392156859375 0.3662109375 0.863725490625 0.3828125 0.8892156859375 0.3828125 0.9029411765625 0.376953125 0.9088235296875 0.3671875 0.9078431374999999 0.3466796875 0.901960784375 0.3251953125 0.8911764703125 0.31640625 0.851960784375 0.31640625 0.8470588234375 0.3193359375 0.8333333328125001 0.3408203125 0.8333333328125001 0.3544921875
1 0.8803921562499999 0.6103515625 0.8911764703125 0.63671875 0.9049019609375 0.642578125 0.9205882359374999 0.64453125 0.95 0.630859375 0.955882353125 0.623046875 0.9568627453125 0.6005859375 0.9529411765625 0.5830078125 0.9421568625000001 0.572265625 0.9245098046875 0.564453125 0.9107843140625 0.564453125 0.886274509375 0.5830078125 0.8803921562499999 0.5986328125 0.8803921562499999 0.6103515625
1 0.96176470625 0.7421875 0.9333333328125001 0.7626953125 0.9333333328125001 0.7900390625 0.95 0.810546875 0.9715686281249999 0.814453125 0.9754901953124999 0.80859375 0.9745098046875 0.7529296875 0.9676470593750001 0.7421875 0.96176470625 0.7421875
1 0.513725490625 0.1201171875 0.53039215625 0.13671875 0.536274509375 0.138671875 0.559803921875 0.138671875 0.571568628125 0.1328125 0.5774509796875 0.123046875 0.578431371875 0.1044921875 0.563725490625 0.087890625 0.548039215625 0.080078125 0.528431371875 0.08203125 0.515686275 0.0947265625 0.5117647062499999 0.1044921875 0.513725490625 0.1201171875
1 0.6774509796875 0.115234375 0.6911764703125 0.119140625 0.7009803921875 0.126953125 0.7186274515625 0.12890625 0.7490196078125 0.1064453125 0.755882353125 0.07421875 0.7568627453125 0.0634765625 0.7529411765625 0.0537109375 0.7460784312500001 0.048828125 0.73039215625 0.06640625 0.7186274515625 0.072265625 0.6990196078124999 0.076171875 0.671568628125 0.072265625 0.6607843140624999 0.0771484375 0.6568627453125 0.0869140625 0.6666666671875 0.1044921875 0.6774509796875 0.115234375
1 0.001960784375 0.1826171875 0.0245098046875 0.20703125 0.042156862499999996 0.216796875 0.05 0.216796875 0.0794117640625 0.1953125 0.0872549015625 0.185546875 0.086274509375 0.1728515625 0.06274509843750001 0.1396484375 0.0470588234375 0.1025390625 0.040196078125 0.095703125 0.027450979687499998 0.0908203125 0.0166666671875 0.064453125 0.0068627453125 0.056640625 0.0009803921875 0.056640625 0.001960784375 0.1826171875
1 0.0450980390625 0.8603515625 0.032352940625 0.849609375 0.0009803921875 0.837890625 0 0.9189453125 0.032352940625 0.91796875 0.051960784375 0.890625 0.0509803921875 0.8720703125 0.0450980390625 0.8603515625
0 0.35 0.029296875 0.3735294125 0.0390625 0.3892156859375 0.0390625 0.4147058828125 0.02734375 0.42352941250000004 0.0185546875 0.43235294062499996 0.001953125 0.328431371875 0 0.3274509796875 0.0029296875 0.33137254843749997 0.0126953125 0.35 0.029296875