0 0.91796875 0.5322265625 0.8974609375 0.515625 0.8837890625 0.509765625 0.8505859375 0.509765625 0.8212890625 0.525390625 0.80859375 0.5419921875 0.80078125 0.5615234375 0.8017578125 0.58984375 0.8125 0.6123046875 0.8330078125 0.623046875 0.8466796875 0.63671875 0.8623046875 0.640625 0.8955078125 0.640625 0.9140625 0.6279296875 0.927734375 0.6064453125 0.931640625 0.5849609375 0.9296875 0.5537109375 0.91796875 0.5322265625
0 0.9404296875 0.619140625 0.943359375 0.6318359375 0.9560546875 0.650390625 0.9638671875 0.654296875 0.9970703125 0.654296875 1 0.6513671875 0.9990234375 0.51171875 0.9794921875 0.521484375 0.953125 0.5517578125 0.939453125 0.5908203125 0.9404296875 0.619140625
0 0.8388671875 0.638671875 0.8037109375 0.63671875 0.7763671875 0.65625 0.755859375 0.6787109375 0.75 0.6943359375 0.7509765625 0.70703125 0.751953125 0.7138671875 0.7587890625 0.720703125 0.7880859375 0.73046875 0.8212890625 0.751953125 0.8388671875 0.751953125 0.859375 0.7294921875 0.869140625 0.7060546875 0.873046875 0.6845703125 0.8671875 0.6611328125 0.8388671875 0.638671875
0 0.7841796875 0.59375 0.7724609375 0.58984375 0.7373046875 0.58984375 0.7177734375 0.6015625 0.701171875 0.6181640625 0.689453125 0.6376953125 0.6904296875 0.64453125 0.6962890625 0.654296875 0.7197265625 0.662109375 0.7353515625 0.673828125 0.7568359375 0.67578125 0.767578125 0.6669921875 0.7783203125 0.65234375 0.810546875 0.6279296875 0.8125 0.6181640625 0.7998046875 0.6015625 0.7841796875 0.59375
0 0.6904296875 0.65234375 0.6787109375 0.638671875 0.6669921875 0.638671875 0.6474609375 0.650390625 0.62890625 0.6708984375 0.623046875 0.6923828125 0.6220703125 0.71875 0.62890625 0.7392578125 0.6494140625 0.767578125 0.6708984375 0.779296875 0.6884765625 0.779296875 0.7099609375 0.76953125 0.728515625 0.7470703125 0.734375 0.7236328125 0.736328125 0.6904296875 0.7275390625 0.671875 0.6904296875 0.65234375
0 0.6728515625 0.353515625 0.65625 0.3681640625 0.642578125 0.3916015625 0.634765625 0.4345703125 0.619140625 0.4638671875 0.6201171875 0.478515625 0.6474609375 0.5 0.6748046875 0.498046875 0.7021484375 0.482421875 0.728515625 0.4541015625 0.73828125 0.4267578125 0.736328125 0.3896484375 0.728515625 0.3701171875 0.7158203125 0.357421875 0.6845703125 0.349609375 0.6728515625 0.353515625
0 0.8017578125 0.3203125 0.7880859375 0.322265625 0.7646484375 0.33203125 0.74609375 0.3544921875 0.7421875 0.3662109375 0.7431640625 0.388671875 0.75 0.4052734375 0.7646484375 0.419921875 0.7861328125 0.431640625 0.8095703125 0.431640625 0.8388671875 0.419921875 0.859375 0.3974609375 0.859375 0.3662109375 0.8515625 0.3310546875 0.8330078125 0.3203125 0.8017578125 0.3203125
0 0.9287109375 0.185546875 0.8955078125 0.169921875 0.8740234375 0.169921875 0.8623046875 0.17578125 0.84375 0.1962890625 0.837890625 0.2177734375 0.8388671875 0.228515625 0.841796875 0.2763671875 0.8447265625 0.279296875 0.8720703125 0.263671875 0.8955078125 0.263671875 0.9091796875 0.267578125 0.9228515625 0.279296875 0.9287109375 0.279296875 0.955078125 0.2431640625 0.962890625 0.2197265625 0.9287109375 0.185546875
0 0.7392578125 0.212890625 0.7294921875 0.208984375 0.7060546875 0.20703125 0.6748046875 0.212890625 0.6474609375 0.2265625 0.6328125 0.2392578125 0.62109375 0.2666015625 0.6220703125 0.283203125 0.62890625 0.2998046875 0.6533203125 0.3203125 0.6845703125 0.330078125 0.7021484375 0.328125 0.7138671875 0.322265625 0.7421875 0.2958984375 0.755859375 0.2607421875 0.7578125 0.2373046875 0.751953125 0.2255859375 0.7392578125 0.212890625
0 0.912109375 0.3369140625 0.9111328125 0.380859375 0.919921875 0.3994140625 0.9462890625 0.41796875 0.9853515625 0.419921875 0.9990234375 0.416015625 1 0.3017578125 0.9892578125 0.296875 0.9775390625 0.296875 0.9326171875 0.302734375 0.92578125 0.3095703125 0.912109375 0.3369140625
0 0.6865234375 0.53125 0.6767578125 0.53125 0.6376953125 0.54296875 0.6201171875 0.552734375 0.6015625 0.5830078125 0.6025390625 0.599609375 0.62890625 0.6240234375 0.640625 0.6455078125 0.6455078125 0.6484375 0.6748046875 0.626953125 0.6904296875 0.623046875 0.7080078125 0.609375 0.736328125 0.5830078125 0.73828125 0.5693359375 0.7099609375 0.54296875 0.6865234375 0.53125
0 0.6064453125 0.32421875 0.5732421875 0.3203125 0.5498046875 0.326171875 0.52734375 0.3466796875 0.51953125 0.3603515625 0.513671875 0.3798828125 0.5146484375 0.40234375 0.521484375 0.4248046875 0.5595703125 0.4609375 0.5791015625 0.46875 0.5927734375 0.466796875 0.61328125 0.4501953125 0.619140625 0.4267578125 0.63671875 0.4013671875 0.640625 0.3740234375 0.634765625 0.3505859375 0.6064453125 0.32421875
0 0.5927734375 0.60546875 0.5654296875 0.607421875 0.5556640625 0.615234375 0.5341796875 0.623046875 0.52734375 0.6298828125 0.51171875 0.6591796875 0.5087890625 0.701171875 0.5234375 0.7314453125 0.5400390625 0.7421875 0.5556640625 0.75 0.5947265625 0.748046875 0.611328125 0.7353515625 0.6171875 0.7197265625 0.62109375 0.6787109375 0.630859375 0.6611328125 0.630859375 0.6533203125 0.5927734375 0.60546875
0 0.4189453125 0.6015625 0.4033203125 0.595703125 0.3759765625 0.59765625 0.3564453125 0.607421875 0.34375 0.6181640625 0.33203125 0.6396484375 0.3271484375 0.66796875 0.33203125 0.6943359375 0.3486328125 0.71484375 0.3662109375 0.720703125 0.3974609375 0.716796875 0.4208984375 0.705078125 0.44140625 0.6826171875 0.44921875 0.6591796875 0.447265625 0.6376953125 0.4375 0.6201171875 0.4189453125 0.6015625
0 0.4482421875 0.71484375 0.4287109375 0.71484375 0.3994140625 0.728515625 0.3828125 0.7451171875 0.373046875 0.7626953125 0.36328125 0.7900390625 0.3642578125 0.80859375 0.37109375 0.8427734375 0.3857421875 0.857421875 0.3974609375 0.861328125 0.4130859375 0.859375 0.4365234375 0.84765625 0.462890625 0.8173828125 0.4765625 0.7744140625 0.4765625 0.7490234375 0.46484375 0.7275390625 0.4482421875 0.71484375
0 0.5341796875 0.751953125 0.5224609375 0.74609375 0.5126953125 0.744140625 0.4853515625 0.748046875 0.48046875 0.7529296875 0.48046875 0.7646484375 0.470703125 0.8037109375 0.453125 0.8310546875 0.4541015625 0.83984375 0.4599609375 0.84375 0.4775390625 0.845703125 0.4931640625 0.84375 0.5048828125 0.837890625 0.5146484375 0.837890625 0.5302734375 0.83203125 0.5390625 0.8232421875 0.55078125 0.7939453125 0.544921875 0.7626953125 0.5341796875 0.751953125
0 0.59765625 0.8505859375 0.5791015625 0.830078125 0.5458984375 0.82421875 0.5224609375 0.837890625 0.5029296875 0.841796875 0.4912109375 0.8515625 0.4794921875 0.85546875 0.458984375 0.8818359375 0.4599609375 0.890625 0.46875 0.8994140625 0.4765625 0.9150390625 0.4765625 0.9287109375 0.4814453125 0.931640625 0.5009765625 0.9140625 0.5126953125 0.908203125 0.5771484375 0.908203125 0.591796875 0.8916015625 0.59765625 0.8720703125 0.59765625 0.8505859375
0 0.4111328125 0.404296875 0.3798828125 0.390625 0.3447265625 0.390625 0.32421875 0.4169921875 0.3232421875 0.453125 0.326171875 0.4677734375 0.3466796875 0.494140625 0.3779296875 0.505859375 0.4111328125 0.505859375 0.41796875 0.5009765625 0.43359375 0.4677734375 0.4375 0.4482421875 0.43359375 0.4130859375 0.4287109375 0.408203125 0.4111328125 0.404296875
0 0.291015625 0.4326171875 0.296875 0.4169921875 0.30078125 0.3837890625 0.298828125 0.3720703125 0.2919921875 0.36328125 0.2705078125 0.36328125 0.2548828125 0.357421875 0.2373046875 0.34375 0.2294921875 0.34375 0.203125 0.3623046875 0.197265625 0.3701171875 0.1982421875 0.3828125 0.201171875 0.3896484375 0.201171875 0.4228515625 0.205078125 0.4404296875 0.203125 0.4658203125 0.2060546875 0.46875 0.2138671875 0.47265625 0.2412109375 0.47265625 0.2568359375 0.466796875 0.2744140625 0.455078125 0.291015625 0.4326171875
0 0.1650390625 0.3515625 0.1572265625 0.349609375 0.1298828125 0.36328125 0.115234375 0.3798828125 0.1015625 0.4052734375 0.09765625 0.4208984375 0.0986328125 0.4453125 0.11328125 0.4716796875 0.1376953125 0.4921875 0.1630859375 0.4921875 0.1787109375 0.484375 0.201171875 0.4619140625 0.205078125 0.4501953125 0.201171875 0.4267578125 0.201171875 0.3916015625 0.197265625 0.3779296875 0.1650390625 0.3515625
0 0.26171875 0.5732421875 0.2412109375 0.5546875 0.2333984375 0.55078125 0.1982421875 0.548828125 0.1650390625 0.564453125 0.14453125 0.5830078125 0.138671875 0.5947265625 0.1396484375 0.62109375 0.140625 0.6337890625 0.1630859375 0.669921875 0.1728515625 0.673828125 0.1962890625 0.671875 0.2216796875 0.646484375 0.2412109375 0.63671875 0.2578125 0.6220703125 0.265625 0.6064453125 0.267578125 0.5869140625 0.26171875 0.5732421875
0 0.15234375 0.6474609375 0.140625 0.6318359375 0.140625 0.6181640625 0.1357421875 0.607421875 0.1259765625 0.609375 0.1142578125 0.6171875 0.1083984375 0.625 0.0927734375 0.64453125 0.0810546875 0.64453125 0.0751953125 0.654296875 0.0693359375 0.66015625 0.080078125 0.6962890625 0.1064453125 0.728515625 0.1357421875 0.736328125 0.1494140625 0.734375 0.1552734375 0.732421875 0.169921875 0.7177734375 0.17578125 0.7021484375 0.17578125 0.6884765625 0.16015625 0.6708984375 0.15234375 0.6474609375
0 0.3193359375 0.7265625 0.3037109375 0.72265625 0.2802734375 0.724609375 0.2626953125 0.732421875 0.240234375 0.7587890625 0.23828125 0.7685546875 0.22265625 0.7958984375 0.2197265625 0.810546875 0.2294921875 0.828125 0.2490234375 0.837890625 0.2763671875 0.8359375 0.3017578125 0.826171875 0.3232421875 0.810546875 0.3349609375 0.806640625 0.345703125 0.7900390625 0.34765625 0.7568359375 0.341796875 0.7431640625 0.3193359375 0.7265625
0 0.1201171875 1 0.12109375 0.9951171875 0.109375 0.9697265625 0.0927734375 0.951171875 0.0693359375 0.939453125 0.0517578125 0.9375 0.0361328125 0.943359375 0.02734375 0.9501953125 0.01953125 0.9638671875 0.01171875 0.9892578125 0.0087890625 0.9921875 0.0009765625 0.9921875 0.0009765625 1 0.1201171875 1
0 0.1044921875 0.7734375 0.0849609375 0.7734375 0.0634765625 0.78515625 0.048828125 0.7998046875 0.037109375 0.8251953125 0.0341796875 0.87109375 0.044921875 0.8955078125 0.0654296875 0.912109375 0.0888671875 0.912109375 0.1083984375 0.90234375 0.1328125 0.8720703125 0.140625 0.8505859375 0.140625 0.8154296875 0.1328125 0.7939453125 0.1201171875 0.78125 0.1044921875 0.7734375
0 0.46484375 0.8994140625 0.4541015625 0.892578125 0.4287109375 0.8828125 0.3974609375 0.884765625 0.3701171875 0.8984375 0.34765625 0.9189453125 0.337890625 0.9423828125 0.3388671875 0.955078125 0.345703125 0.9755859375 0.3544921875 0.986328125 0.3681640625 0.994140625 0.3876953125 0.998046875 0.4248046875 0.994140625 0.4482421875 0.982421875 0.4609375 0.9697265625 0.47265625 0.9365234375 0.47265625 0.9169921875 0.46484375 0.8994140625
0 0.5966796875 1 0.60546875 0.9794921875 0.603515625 0.9482421875 0.5859375 0.9228515625 0.5693359375 0.91015625 0.5205078125 0.91015625 0.4951171875 0.923828125 0.484375 0.9365234375 0.47265625 0.9716796875 0.4736328125 0.98828125 0.4775390625 1 0.5966796875 1
0 0.8759765625 0.861328125 0.8544921875 0.841796875 0.8388671875 0.833984375 0.8193359375 0.83203125 0.7998046875 0.83984375 0.77734375 0.8623046875 0.767578125 0.8876953125 0.7685546875 0.912109375 0.775390625 0.9306640625 0.7880859375 0.94140625 0.8076171875 0.94921875 0.8310546875 0.94921875 0.8505859375 0.939453125 0.888671875 0.9072265625 0.89453125 0.8955078125 0.89453125 0.8779296875 0.8837890625 0.865234375 0.8759765625 0.861328125
0 0.9990234375 1 1 0.9169921875 0.9912109375 0.912109375 0.9697265625 0.9140625 0.9443359375 0.92578125 0.9306640625 0.935546875 0.90625 0.9677734375 0.9052734375 1 0.9990234375 1
0 0.8994140625 1 0.90234375 0.9638671875 0.8818359375 0.947265625 0.8642578125 0.94140625 0.8583984375 0.94140625 0.8330078125 0.953125 0.7978515625 0.953125 0.78125 0.9736328125 0.7802734375 0.99609375 0.7822265625 1 0.8994140625 1
0 0.5830078125 0.103515625 0.5732421875 0.09765625 0.5634765625 0.09765625 0.5439453125 0.109375 0.5029296875 0.123046875 0.4970703125 0.130859375 0.4873046875 0.1328125 0.484375 0.1376953125 0.4833984375 0.1796875 0.48828125 0.1943359375 0.5029296875 0.208984375 0.5263671875 0.220703125 0.5634765625 0.220703125 0.5869140625 0.212890625 0.599609375 0.1962890625 0.599609375 0.1298828125 0.603515625 0.1083984375 0.5888671875 0.1015625 0.5830078125 0.103515625
0 0.0419921875 0.0546875 0.0244140625 0.0546875 0 0.0693359375 0.0009765625 0.177734375 0.0244140625 0.1953125 0.0576171875 0.197265625 0.0693359375 0.189453125 0.0859375 0.1708984375 0.091796875 0.1533203125 0.09375 0.1318359375 0.091796875 0.1044921875 0.080078125 0.0771484375 0.0634765625 0.0625 0.0419921875 0.0546875
0 0.2339812296875 0.26326392187500003 0.23706291406250002 0.249176221875 0.23794339375 0.2306861140625 0.23310074531249997 0.212636246875 0.2181325625 0.1976680625 0.189957159375 0.194586378125 0.16046103437499998 0.217038653125 0.1366880390625 0.2443335734375 0.12744298437499998 0.25974199531250003 0.130524671875 0.32885978125 0.152536703125 0.34426820625 0.1736682578125 0.350871815625 0.19656076875 0.3447084453125 0.2225349734375 0.32797930000000003 0.22913858281250002 0.3011246203125 0.2339812296875 0.26326392187500003
0 0.311903828125 0.3627583171875 0.3303939375 0.3451486875 0.3453621171875 0.3248976171875 0.3444816359375 0.28615643749999997 0.3220293640625 0.2496164609375 0.29297348125 0.238170203125 0.2731626484375 0.23156659375 0.24894941093749998 0.2496164609375 0.23530194999999998 0.2659053671875 0.22913858281250002 0.2865966796875 0.2295788203125 0.31213063750000003 0.236182434375 0.33722435625 0.2476286921875 0.3482303703125 0.26127615312499997 0.36011687187499997 0.2894515546875 0.3631985546875 0.311903828125 0.3627583171875
0 0.424605440625 0.2531383859375 0.4206432734375 0.2113155234375 0.40919701562500005 0.21395696874999998 0.36429246875 0.2187996140625 0.329513453125 0.212636246875 0.311903828125 0.2055923953125 0.2920929953125 0.21968009687499998 0.285929628125 0.2342080390625 0.2991368484375 0.241251890625 0.32290984375 0.2518176640625 0.342720675 0.2804333078125 0.3449218796875 0.2901186046875 0.34624260156250003 0.3125708796875 0.371776559375 0.3081684734375 0.40567508906249994 0.2945210125 0.424605440625 0.2531383859375
0 0.438252903125 0.200749746875 0.451460121875 0.18446084375 0.4607051765625 0.15232327343750002 0.454101565625 0.12238690625 0.4435357890625 0.1065382421875 0.42504567968750007 0.10169559375 0.40259340625 0.102576078125 0.37661920625 0.115783296875 0.371776559375 0.127669796875 0.3647327078125 0.147480625 0.337437784375 0.16729145781250002 0.3145452734375 0.183580359375 0.31762695625 0.2069131171875 0.35812909843749996 0.21571792968749998 0.401272684375 0.213076484375 0.42328471875 0.206472875 0.438252903125 0.200749746875
0 0.341399953125 0.0801238015625 0.3321548984375 0.05987273125 0.30265877343750003 0.06339465625 0.265238315625 0.082765246875 0.23706291406250002 0.1052175203125 0.2511506125 0.1285502765625 0.2744833703125 0.1708133828125 0.290772278125 0.185341325 0.31322455 0.182259640625 0.3418401953125 0.16288905 0.36517295 0.1386758125 0.37309728125 0.11270161249999999 0.3722168 0.087167653125 0.341399953125 0.0801238015625
0 0.2920929953125 0.20030950781249998 0.28240770312499996 0.1782974734375 0.26479807499999997 0.1505623078125 0.24454700312500002 0.1109406484375 0.2273776171875 0.0964127078125 0.1996424578125 0.09333102343750001 0.189957159375 0.1043370390625 0.1802718671875 0.1426379765625 0.179831625 0.1716938640625 0.1868754765625 0.18666204687500002 0.2031643828125 0.195466859375 0.2264971375 0.20207046874999998 0.2392641171875 0.21747889062499998 0.241025078125 0.250496940625 0.2625968703125 0.23993116875 0.28416866406249996 0.22056057812500002 0.2920929953125 0.20030950781249998
0 0.472265625 0.514453125 0.505078125 0.485546875 0.51875 0.458984375 0.51015625 0.4234375 0.496484375 0.402734375 0.478515625 0.39609375 0.45546875 0.39921875 0.436328125 0.404296875 0.430078125 0.41171875 0.437890625 0.441015625 0.4328125 0.46640625 0.426953125 0.483984375 0.412109375 0.50390625 0.412890625 0.51640625 0.441015625 0.530078125 0.458984375 0.52890625 0.472265625 0.514453125
0 0.562890625 0.541796875 0.559375 0.505859375 0.559765625 0.48828125 0.538671875 0.469140625 0.51796875 0.46484375 0.504296875 0.481640625 0.48125 0.50859375 0.453515625 0.533984375 0.45703125 0.5484375 0.5015625 0.572265625 0.546484375 0.578515625 0.5796875 0.562109375 0.562890625 0.541796875
0 0.6546875 0.503515625 0.630859375 0.485546875 0.61875 0.4765625 0.619921875 0.45546875 0.610546875 0.453515625 0.59296875 0.467578125 0.578125 0.475 0.56484375 0.4875 0.56015625 0.5046875 0.562109375 0.53203125 0.575 0.561328125 0.601171875 0.580859375 0.617578125 0.556640625 0.633984375 0.5453125 0.668359375 0.532421875 0.6734375 0.50078125 0.6546875 0.503515625
0 0.865234375 0.268359375 0.845703125 0.2828125 0.837890625 0.290625 0.825 0.312890625 0.833984375 0.319921875 0.8515625 0.331640625 0.8578125 0.355078125 0.859765625 0.380859375 0.8609375 0.39609375 0.855078125 0.40390625 0.85 0.4140625 0.865625 0.41640625 0.8859375 0.416015625 0.90390625 0.412890625 0.91640625 0.403125 0.9203125 0.401953125 0.908984375 0.37265625 0.908984375 0.3375 0.921875 0.3140625 0.934375 0.302734375 0.930859375 0.29140625 0.915234375 0.273828125 0.8890625 0.262109375 0.865234375 0.268359375
0 0.8947182343750001 0.9262948281250001 0.917344578125 0.9258330671874999 0.9418179734375001 0.9165978234375001 0.9649060781250001 0.9022831953124999 0.9819912765625001 0.8815039015625 0.9893794734375 0.856106984375 0.9787589406249999 0.81501015625 0.9492061640625 0.7882279484375 0.9182681015625 0.7794544734375 0.8993358562499999 0.7854573796875 0.8757859890624999 0.7974631953125 0.8522361203125 0.8140866296875 0.8443861640625 0.8334806406249999 0.8674742703125 0.850104078125 0.880403609375 0.8634951796875001 0.8928711874999999 0.869959846875 0.8979505703124999 0.8944332421875 0.8868682765625 0.9147507734375001 0.8947182343750001 0.9262948281250001
0 0.9492061640625 0.7637545578125 0.9644443171875 0.7965396671875 0.981529515625 0.8200895390625 1 0.8376365 0.9990764765625 0.7060342921875 0.9824530390625 0.711113675 0.9570561203124999 0.7291223984374999 0.9492061640625 0.7637545578125
1 0.8818359375 0.705078125 0.87109375 0.7099609375 0.849609375 0.7529296875 0.8486328125 0.779296875 0.849609375 0.7841796875 0.8583984375 0.79296875 0.8798828125 0.796875 0.8876953125 0.79296875 0.9140625 0.7646484375 0.916015625 0.7568359375 0.912109375 0.7294921875 0.908203125 0.7216796875 0.8935546875 0.70703125 0.8818359375 0.705078125
1 0.7548828125 0.72265625 0.748046875 0.7314453125 0.744140625 0.7431640625 0.744140625 0.7587890625 0.73828125 0.7705078125 0.7392578125 0.77734375 0.744140625 0.7861328125 0.7587890625 0.798828125 0.7763671875 0.8046875 0.7900390625 0.8046875 0.7978515625 0.80078125 0.80859375 0.7861328125 0.8125 0.7685546875 0.8125 0.7490234375 0.7861328125 0.73046875 0.7548828125 0.72265625
1 0.6708984375 0.865234375 0.6337890625 0.8671875 0.6142578125 0.87890625 0.603515625 0.8916015625 0.5927734375 0.919921875 0.595703125 0.9287109375 0.6123046875 0.94140625 0.6279296875 0.9453125 0.6474609375 0.9453125 0.6630859375 0.939453125 0.685546875 0.9248046875 0.689453125 0.9150390625 0.6875 0.8896484375 0.6796875 0.8740234375 0.6708984375 0.865234375
1 0.3779296875 0.318359375 0.3701171875 0.318359375 0.361328125 0.3232421875 0.35546875 0.3544921875 0.3564453125 0.37109375 0.3662109375 0.38671875 0.3955078125 0.39453125 0.4169921875 0.404296875 0.4287109375 0.404296875 0.435546875 0.3955078125 0.43359375 0.3623046875 0.42578125 0.3486328125 0.4013671875 0.32421875 0.3916015625 0.32421875 0.3779296875 0.318359375
1 0.2490234375 0.634765625 0.2275390625 0.64453125 0.19921875 0.6748046875 0.189453125 0.6904296875 0.1904296875 0.697265625 0.2060546875 0.70703125 0.2373046875 0.71875 0.2607421875 0.71875 0.2763671875 0.7109375 0.283203125 0.7001953125 0.283203125 0.6708984375 0.2734375 0.6474609375 0.2626953125 0.63671875 0.2568359375 0.634765625 0.2490234375 0.634765625
1 0.3134765625 0.82421875 0.2705078125 0.845703125 0.259765625 0.8603515625 0.2607421875 0.8828125 0.2666015625 0.890625 0.2802734375 0.8984375 0.2998046875 0.904296875 0.3154296875 0.904296875 0.3310546875 0.896484375 0.3359375 0.8896484375 0.33984375 0.8740234375 0.34765625 0.8642578125 0.341796875 0.8251953125 0.3134765625 0.82421875
1 0.052734375 0.5185546875 0.05078125 0.5244140625 0.05078125 0.5361328125 0.046875 0.5458984375 0.0478515625 0.5625 0.0634765625 0.583984375 0.0712890625 0.587890625 0.0869140625 0.583984375 0.11328125 0.5537109375 0.1171875 0.5439453125 0.115234375 0.5322265625 0.1083984375 0.521484375 0.0888671875 0.509765625 0.0615234375 0.51171875 0.052734375 0.5185546875
1 0.0302734375 0.583984375 0 0.5830078125 0.0009765625 0.640625 0.0166015625 0.63671875 0.03515625 0.6162109375 0.037109375 0.5966796875 0.0302734375 0.583984375
0 0.0009765625 0.560546875 0.0205078125 0.55859375 0.0283203125 0.55078125 0.0361328125 0.552734375 0.04296875 0.5458984375 0.046875 0.5341796875 0.046875 0.4912109375 0.03125 0.4638671875 0.0048828125 0.44140625 0 0.4423828125 0.0009765625 0.560546875
0 0.7802734375 0.236328125 0.763671875 0.2548828125 0.7626953125 0.27734375 0.763671875 0.2841796875 0.7822265625 0.296875 0.8251953125 0.298828125 0.83203125 0.2939453125 0.83984375 0.2783203125 0.83984375 0.2470703125 0.8359375 0.2294921875 0.8310546875 0.2265625 0.8095703125 0.224609375 0.7802734375 0.236328125
0 0.701171875 0.205078125 0.720703125 0.1890625 0.726953125 0.168359375 0.73203125 0.1328125 0.61640625 0.101953125 0.60546875 0.11796875 0.600390625 0.153125 0.6 0.191015625 0.610546875 0.2140625 0.63125 0.2265625 0.650390625 0.222265625 0.66953125 0.212109375 0.701171875 0.205078125