0 0.8544921875 0.416015625 0.8212890625 0.416015625 0.8056640625 0.421875 0.783203125 0.4443359375 0.775390625 0.4677734375 0.7734375 0.4853515625 0.779296875 0.5283203125 0.791015625 0.5478515625 0.8037109375 0.55859375 0.8203125 0.5615234375 0.8427734375 0.55859375 0.8583984375 0.546875 0.880859375 0.5185546875 0.890625 0.4931640625 0.892578125 0.4619140625 0.888671875 0.4462890625 0.8779296875 0.4296875 0.8544921875 0.416015625
0 0.92578125 0.4326171875 0.9443359375 0.451171875 0.9775390625 0.462890625 0.998046875 0.4638671875 1 0.3486328125 0.9951171875 0.345703125 0.9697265625 0.345703125 0.9365234375 0.36328125 0.927734375 0.3720703125 0.91796875 0.3896484375 0.91796875 0.4169921875 0.92578125 0.4326171875
0 0.6259765625 0.486328125 0.615234375 0.5068359375 0.615234375 0.5205078125 0.62109375 0.5458984375 0.640625 0.5791015625 0.6533203125 0.591796875 0.6943359375 0.615234375 0.732421875 0.6181640625 0.751953125 0.6064453125 0.76171875 0.5849609375 0.7578125 0.5439453125 0.736328125 0.5068359375 0.7158203125 0.48828125 0.6865234375 0.474609375 0.6533203125 0.474609375 0.6259765625 0.486328125
0 0.4501953125 0.8046875 0.4326171875 0.810546875 0.4130859375 0.82421875 0.404296875 0.8349609375 0.396484375 0.8525390625 0.396484375 0.8798828125 0.40234375 0.8935546875 0.4248046875 0.9140625 0.4482421875 0.923828125 0.474609375 0.9248046875 0.4912109375 0.921875 0.513671875 0.9072265625 0.52734375 0.8779296875 0.52734375 0.8623046875 0.517578125 0.8408203125 0.4990234375 0.8203125 0.4716796875 0.806640625 0.4501953125 0.8046875
0 0.447265625 0.9912109375 0.4482421875 1 0.56640625 0.9990234375 0.560546875 0.9775390625 0.548828125 0.9599609375 0.5302734375 0.947265625 0.5146484375 0.943359375 0.4970703125 0.9453125 0.4775390625 0.953125 0.458984375 0.9677734375 0.447265625 0.9912109375
0 0.318359375 0.9697265625 0.318359375 0.9912109375 0.3212890625 1 0.43359375 0.9990234375 0.43359375 0.9853515625 0.423828125 0.9638671875 0.4150390625 0.953125 0.3896484375 0.9375 0.3662109375 0.9375 0.3525390625 0.94140625 0.3330078125 0.953125 0.318359375 0.9697265625
0 0.2626953125 0.80078125 0.2392578125 0.8125 0.232421875 0.8212890625 0.228515625 0.8408203125 0.23046875 0.8642578125 0.23828125 0.8818359375 0.2529296875 0.896484375 0.2783203125 0.912109375 0.2900390625 0.916015625 0.322265625 0.9150390625 0.3349609375 0.91015625 0.34765625 0.8974609375 0.359375 0.8779296875 0.357421875 0.8564453125 0.34765625 0.8349609375 0.3134765625 0.806640625 0.3037109375 0.802734375 0.2626953125 0.80078125
0 0.1923828125 0.705078125 0.1591796875 0.703125 0.1474609375 0.708984375 0.138671875 0.7197265625 0.130859375 0.7705078125 0.1328125 0.7978515625 0.14453125 0.8271484375 0.1669921875 0.849609375 0.1796875 0.8505859375 0.1943359375 0.849609375 0.2119140625 0.841796875 0.2265625 0.8251953125 0.23828125 0.7939453125 0.23828125 0.7646484375 0.228515625 0.7314453125 0.2138671875 0.716796875 0.1923828125 0.705078125
0 0 0.9599609375 0.0234375 0.9599609375 0.0478515625 0.9453125 0.07421875 0.9189453125 0.076171875 0.9091796875 0.06640625 0.8544921875 0.0546875 0.8330078125 0.0380859375 0.81640625 0.0107421875 0.814453125 0 0.8193359375 0 0.9599609375
0 0.629296875 0.571875 0.634375 0.565234375 0.622265625 0.53984375 0.61796875 0.521484375 0.6078125 0.505078125 0.589453125 0.48671875 0.571484375 0.478515625 0.541015625 0.475 0.517578125 0.483984375 0.4984375 0.501171875 0.491796875 0.525390625 0.496484375 0.54765625 0.501953125 0.568359375 0.512109375 0.59140625 0.528515625 0.608984375 0.5390625 0.61640625 0.549609375 0.5984375 0.559765625 0.578515625 0.575390625 0.56796875 0.604296875 0.560546875 0.629296875 0.571875
0 0.671875 0.633203125 0.6640625 0.61015625 0.651953125 0.591015625 0.6328125 0.574609375 0.615234375 0.564453125 0.6 0.56171875 0.5734375 0.567578125 0.557421875 0.58125 0.543359375 0.61171875 0.541015625 0.626171875 0.542578125 0.64921875 0.551171875 0.67578125 0.559765625 0.68984375 0.576953125 0.70390625 0.59296875 0.712890625 0.610546875 0.716796875 0.630859375 0.716796875 0.645703125 0.7125 0.655078125 0.698828125 0.669140625 0.65546875 0.671875 0.633203125
0 0.6703125 0.772265625 0.66171875 0.746484375 0.633984375 0.725 0.60234375 0.714453125 0.57578125 0.71171875 0.55390625 0.722265625 0.542578125 0.745703125 0.53984375 0.771484375 0.53984375 0.789453125 0.55078125 0.821875 0.56171875 0.825390625 0.571875 0.837109375 0.5875 0.844140625 0.614453125 0.848046875 0.638671875 0.843359375 0.660546875 0.833203125 0.670703125 0.816796875 0.676171875 0.79296875 0.6703125 0.772265625
0 0.443359375 0.79140625 0.4515625 0.781640625 0.44921875 0.755078125 0.4359375 0.73125 0.4109375 0.716796875 0.3640625 0.71796875 0.341015625 0.7328125 0.31796875 0.752734375 0.309375 0.779296875 0.31328125 0.798828125 0.317578125 0.8109375 0.3453125 0.82890625 0.37578125 0.83046875 0.413671875 0.8171875 0.431640625 0.80078125 0.443359375 0.79140625
1 1 0.6044921875 0.9892578125 0.591796875 0.9794921875 0.58984375 0.970703125 0.5830078125 0.9599609375 0.5625 0.9462890625 0.5625 0.923828125 0.5908203125 0.919921875 0.6123046875 0.919921875 0.6376953125 0.9296875 0.6552734375 0.9462890625 0.66796875 0.9560546875 0.671875 0.96875 0.6708984375 1 0.6552734375 1 0.6044921875
1 0.8544921875 0.69140625 0.8388671875 0.701171875 0.8291015625 0.701171875 0.8212890625 0.705078125 0.8115234375 0.71484375 0.7958984375 0.716796875 0.78125 0.7275390625 0.78125 0.7392578125 0.8056640625 0.76953125 0.8447265625 0.78515625 0.859375 0.7841796875 0.8740234375 0.77734375 0.880859375 0.7705078125 0.896484375 0.7451171875 0.8984375 0.7197265625 0.8916015625 0.708984375 0.8798828125 0.705078125 0.8662109375 0.693359375 0.8544921875 0.69140625
1 0.4677734375 0.560546875 0.453125 0.5732421875 0.4453125 0.6083984375 0.451171875 0.6318359375 0.4599609375 0.640625 0.4912109375 0.6484375 0.498046875 0.6474609375 0.5048828125 0.646484375 0.517578125 0.6376953125 0.525390625 0.6201171875 0.525390625 0.6044921875 0.515625 0.5908203125 0.5 0.5537109375 0.4951171875 0.55078125 0.4677734375 0.560546875
1 0.5224609375 0.677734375 0.5087890625 0.68359375 0.486328125 0.7021484375 0.486328125 0.7490234375 0.5029296875 0.765625 0.5107421875 0.76953125 0.517578125 0.7685546875 0.5322265625 0.763671875 0.5390625 0.7568359375 0.54296875 0.7431640625 0.552734375 0.7275390625 0.55078125 0.7001953125 0.544921875 0.6884765625 0.5322265625 0.677734375 0.5224609375 0.677734375
0 0.70703125 0.638671875 0.678515625 0.63984375 0.6640625 0.669921875 0.651953125 0.715234375 0.649609375 0.731640625 0.6546875 0.742578125 0.664453125 0.75703125 0.66796875 0.775 0.670703125 0.791796875 0.67578125 0.818359375 0.708203125 0.818359375 0.748828125 0.806640625 0.761328125 0.79296875 0.77578125 0.76484375 0.776171875 0.73671875 0.77109375 0.683203125 0.75859375 0.66015625 0.74609375 0.650390625 0.70703125 0.638671875
0 0.917578125 0.389453125 0.929296875 0.366015625 0.92109375 0.340234375 0.901953125 0.31796875 0.88671875 0.276171875 0.86953125 0.265234375 0.78671875 0.297265625 0.778515625 0.3328125 0.78203125 0.36484375 0.798046875 0.394140625 0.81953125 0.40859375 0.85 0.415234375 0.893359375 0.419921875 0.9046875 0.411328125 0.917578125 0.389453125
0 0.95859375 0.346875 0.990625 0.34765625 1 0.330078125 0.998828125 0.259765625 0.987109375 0.2359375 0.9625 0.214453125 0.9625 0.21171875 0.8796875 0.25859375 0.888671875 0.276171875 0.893359375 0.28984375 0.90234375 0.3171875 0.921875 0.336328125 0.95859375 0.346875