0 0.251953125 0.4169921875 0.26171875 0.4365234375 0.2822265625 0.447265625 0.2998046875 0.447265625 0.3193359375 0.439453125 0.333984375 0.4267578125 0.34375 0.4091796875 0.3447265625 0.375 0.337890625 0.3564453125 0.3212890625 0.33984375 0.3076171875 0.33203125 0.2880859375 0.328125 0.2724609375 0.33203125 0.2587890625 0.33984375 0.24609375 0.3583984375 0.24609375 0.3740234375 0.251953125 0.3896484375 0.251953125 0.4169921875
0 0.3564453125 0.556640625 0.3720703125 0.5546875 0.3876953125 0.546875 0.40234375 0.5322265625 0.4140625 0.5087890625 0.4150390625 0.484375 0.408203125 0.4677734375 0.3857421875 0.451171875 0.3662109375 0.44921875 0.3466796875 0.453125 0.3251953125 0.466796875 0.310546875 0.4853515625 0.30859375 0.5146484375 0.318359375 0.5341796875 0.3330078125 0.548828125 0.3564453125 0.556640625
0 0.4111328125 0.625 0.4208984375 0.6171875 0.4736328125 0.59375 0.4892578125 0.583984375 0.4892578125 0.578125 0.486328125 0.5556640625 0.4697265625 0.533203125 0.4580078125 0.52734375 0.4306640625 0.52734375 0.4052734375 0.541015625 0.39453125 0.5517578125 0.384765625 0.5751953125 0.384765625 0.6025390625 0.3935546875 0.62109375 0.4111328125 0.625
0 0.47265625 0.5185546875 0.4873046875 0.533203125 0.5185546875 0.54296875 0.5400390625 0.541015625 0.5576171875 0.533203125 0.57421875 0.5166015625 0.578125 0.5087890625 0.5771484375 0.478515625 0.5703125 0.4599609375 0.5576171875 0.4453125 0.5400390625 0.435546875 0.5126953125 0.435546875 0.5029296875 0.44140625 0.4912109375 0.443359375 0.484375 0.4501953125 0.466796875 0.4853515625 0.466796875 0.5029296875 0.47265625 0.5185546875
0 0.3544921875 0.32421875 0.3837890625 0.337890625 0.3994140625 0.337890625 0.4208984375 0.33203125 0.43359375 0.3212890625 0.4453125 0.3017578125 0.4462890625 0.2734375 0.435546875 0.2490234375 0.4248046875 0.23828125 0.4013671875 0.2265625 0.3759765625 0.224609375 0.3583984375 0.23046875 0.33984375 0.2470703125 0.330078125 0.2646484375 0.328125 0.2880859375 0.3359375 0.3056640625 0.3544921875 0.32421875
0 0.1796875 0.1123046875 0.1875 0.1318359375 0.2041015625 0.15234375 0.2236328125 0.16015625 0.2470703125 0.16015625 0.2646484375 0.154296875 0.2734375 0.1474609375 0.283203125 0.1279296875 0.2890625 0.1044921875 0.2880859375 0.0859375 0.287109375 0.0771484375 0.27734375 0.0576171875 0.2666015625 0.044921875 0.2529296875 0.0390625 0.2255859375 0.037109375 0.2060546875 0.044921875 0.193359375 0.0556640625 0.18359375 0.0693359375 0.1796875 0.0830078125 0.1796875 0.1123046875
0 0.4013671875 0 0.390625 0.0224609375 0.390625 0.0458984375 0.396484375 0.0654296875 0.4130859375 0.0859375 0.4287109375 0.08984375 0.4619140625 0.087890625 0.4833984375 0.07421875 0.501953125 0.0537109375 0.5078125 0.0322265625 0.5068359375 0.01953125 0.5009765625 0 0.4013671875 0
0 0.382421875 0.01015625 0.375 0.00078125 0.286328125 0 0.280078125 0.01328125 0.27890625 0.037109375 0.284375 0.059765625 0.2921875 0.073828125 0.299609375 0.08359375 0.308203125 0.09140625 0.319921875 0.09765625 0.33984375 0.1046875 0.360546875 0.102734375 0.373046875 0.09609375 0.389453125 0.082421875 0.393359375 0.070703125 0.392578125 0.054296875 0.38984375 0.033984375 0.389453125 0.022265625 0.382421875 0.01015625
0 0.371875 0.12890625 0.3546875 0.142578125 0.35 0.150390625 0.344921875 0.171484375 0.34609375 0.186328125 0.3578125 0.205859375 0.377734375 0.215234375 0.4078125 0.226171875 0.4328125 0.222265625 0.4546875 0.208203125 0.468359375 0.196875 0.4765625 0.169140625 0.47265625 0.141015625 0.45859375 0.119921875 0.442578125 0.1109375 0.43203125 0.109375 0.407421875 0.109765625 0.384765625 0.117578125 0.371875 0.12890625
0 0.680078125 0.1484375 0.663671875 0.16171875 0.655859375 0.173046875 0.648046875 0.1875 0.644921875 0.200390625 0.644921875 0.2234375 0.650390625 0.2453125 0.66484375 0.262890625 0.686328125 0.26796875 0.70390625 0.26953125 0.732421875 0.259765625 0.751953125 0.2421875 0.76171875 0.2296875 0.771875 0.207421875 0.770703125 0.183203125 0.7609375 0.165234375 0.744140625 0.15234375 0.716015625 0.144921875 0.69921875 0.144921875 0.680078125 0.1484375
0 0.616796875 0 0.618359375 0.0140625 0.625 0.025 0.63515625 0.0375 0.65 0.05078125 0.665234375 0.055078125 0.686328125 0.053515625 0.70078125 0.048828125 0.71171875 0.03828125 0.725390625 0.0234375 0.7328125 0.010546875 0.73359375 0 0.616796875 0
0 0.76875 0.255078125 0.746875 0.25546875 0.7265625 0.26328125 0.696875 0.27578125 0.684765625 0.291796875 0.681640625 0.31015625 0.683984375 0.339453125 0.7015625 0.366796875 0.717578125 0.3765625 0.73203125 0.3765625 0.751171875 0.3734375 0.77578125 0.362890625 0.79375 0.346875 0.80390625 0.32265625 0.805078125 0.3 0.796484375 0.280078125 0.78515625 0.26640625 0.76875 0.255078125
0 0.628515625 0.313671875 0.59609375 0.325 0.56875 0.3546875 0.562890625 0.405859375 0.566796875 0.43671875 0.586328125 0.457421875 0.616015625 0.467578125 0.64140625 0.469140625 0.66171875 0.466015625 0.67578125 0.45859375 0.691796875 0.44296875 0.70078125 0.39765625 0.697265625 0.369921875 0.69140625 0.35234375 0.68046875 0.333984375 0.664453125 0.321484375 0.628515625 0.313671875
0 1 0.115234375 0.989453125 0.11640625 0.973046875 0.11640625 0.958203125 0.119921875 0.94609375 0.128515625 0.937109375 0.14921875 0.937109375 0.1765625 0.941796875 0.201953125 0.946875 0.212109375 0.96171875 0.23046875 0.976171875 0.2390625 1 0.221484375 1 0.115234375
1 0.837890625 0.2529296875 0.841796875 0.2626953125 0.8544921875 0.2734375 0.8642578125 0.2734375 0.8857421875 0.2578125 0.9052734375 0.248046875 0.91015625 0.2353515625 0.9091796875 0.23046875 0.90625 0.2177734375 0.8896484375 0.201171875 0.8740234375 0.1953125 0.8623046875 0.1953125 0.8486328125 0.19921875 0.8369140625 0.20703125 0.826171875 0.2236328125 0.82421875 0.2333984375 0.826171875 0.2412109375 0.837890625 0.2529296875
1 0.4130859375 0.455078125 0.431640625 0.4404296875 0.439453125 0.4208984375 0.4384765625 0.40234375 0.42578125 0.3779296875 0.4091796875 0.3671875 0.3896484375 0.3671875 0.3623046875 0.3828125 0.359375 0.3876953125 0.361328125 0.4130859375 0.3671875 0.4267578125 0.3759765625 0.439453125 0.3994140625 0.455078125 0.4130859375 0.455078125
1 0.2939453125 0.26953125 0.3212890625 0.271484375 0.330078125 0.2626953125 0.33984375 0.2431640625 0.349609375 0.2333984375 0.3505859375 0.2265625 0.345703125 0.2080078125 0.3359375 0.2001953125 0.333984375 0.1943359375 0.3271484375 0.1875 0.3154296875 0.1875 0.2978515625 0.193359375 0.28515625 0.2021484375 0.275390625 0.2275390625 0.275390625 0.2490234375 0.2939453125 0.26953125
1 0.2705078125 0.630859375 0.2861328125 0.6328125 0.3076171875 0.623046875 0.3203125 0.6103515625 0.328125 0.5869140625 0.3271484375 0.578125 0.32421875 0.5615234375 0.3193359375 0.5546875 0.2841796875 0.54296875 0.2744140625 0.546875 0.263671875 0.5615234375 0.25 0.5732421875 0.244140625 0.5830078125 0.244140625 0.5966796875 0.255859375 0.6162109375 0.2705078125 0.630859375
1 0 0.6142578125 0.0107421875 0.626953125 0.0244140625 0.626953125 0.04296875 0.6142578125 0.0546875 0.5908203125 0.0537109375 0.57421875 0.052734375 0.5673828125 0.046875 0.5595703125 0.0263671875 0.541015625 0.0166015625 0.541015625 0 0.5517578125 0 0.6142578125
1 0.07421875 0.1376953125 0.0908203125 0.1484375 0.1201171875 0.15625 0.1474609375 0.154296875 0.1650390625 0.14453125 0.17578125 0.1337890625 0.1767578125 0.109375 0.17578125 0.0947265625 0.1728515625 0.091796875 0.1572265625 0.08984375 0.1396484375 0.08203125 0.1240234375 0.08203125 0.1142578125 0.078125 0.0869140625 0.078125 0.080078125 0.0849609375 0.080078125 0.1181640625 0.07421875 0.1376953125
1 0.1455078125 0.4140625 0.1826171875 0.376953125 0.2119140625 0.36328125 0.2275390625 0.361328125 0.234375 0.3544921875 0.2333984375 0.34375 0.2197265625 0.330078125 0.2138671875 0.328125 0.1826171875 0.330078125 0.1591796875 0.33984375 0.142578125 0.3544921875 0.123046875 0.3779296875 0.12109375 0.3857421875 0.125 0.4091796875 0.1337890625 0.416015625 0.1455078125 0.4140625
0 0.2578125 0.53671875 0.25703125 0.521875 0.247265625 0.50625 0.226171875 0.4921875 0.208203125 0.484765625 0.189453125 0.486328125 0.168359375 0.496875 0.15078125 0.5109375 0.139453125 0.52265625 0.12890625 0.536328125 0.125390625 0.54609375 0.126171875 0.55625 0.13515625 0.579296875 0.15546875 0.5921875 0.174609375 0.597265625 0.201953125 0.594921875 0.228125 0.585546875 0.24140625 0.571484375 0.252734375 0.556640625 0.2578125 0.53671875
0 0.251953125 0.418359375 0.246875 0.3859375 0.238671875 0.3640625 0.216796875 0.362890625 0.18515625 0.37734375 0.169921875 0.388671875 0.150390625 0.41171875 0.137890625 0.4375 0.140234375 0.4484375 0.14765625 0.464453125 0.159375 0.478125 0.171875 0.487890625 0.1765625 0.48828125 0.194140625 0.483984375 0.212109375 0.484375 0.23203125 0.49453125 0.2484375 0.494921875 0.270703125 0.4765625 0.274609375 0.45078125 0.262109375 0.43671875 0.251953125 0.418359375
0 0.07109375 0.415234375 0.049609375 0.428125 0.03515625 0.45546875 0.0359375 0.488671875 0.044140625 0.51015625 0.064453125 0.527734375 0.08828125 0.54609375 0.106640625 0.5453125 0.119921875 0.539453125 0.137890625 0.523828125 0.154296875 0.508203125 0.157421875 0.48984375 0.154296875 0.475 0.141796875 0.450390625 0.1328125 0.430859375 0.118359375 0.421484375 0.094921875 0.4125 0.07109375 0.415234375
0 0.000390625 0.14609375 0.02421875 0.154296875 0.04921875 0.158203125 0.06796875 0.14765625 0.075 0.133984375 0.0796875 0.118359375 0.08125 0.082421875 0.078125 0.069921875 0.053515625 0.040625 0.027734375 0.02890625 0 0.0359375 0.000390625 0.14609375
0 0.134375 0 0.028515625 0.00078125 0.036328125 0.023828125 0.059375 0.043359375 0.0875 0.04921875 0.1125 0.039453125 0.128515625 0.023046875 0.134375 0