0 0.2724609375 0.66796875 0.2880859375 0.671875 0.3076171875 0.66796875 0.3212890625 0.66015625 0.337890625 0.6435546875 0.3447265625 0.625 0.34375 0.5908203125 0.333984375 0.5732421875 0.3193359375 0.560546875 0.2998046875 0.552734375 0.2822265625 0.552734375 0.26171875 0.5634765625 0.251953125 0.5830078125 0.251953125 0.6103515625 0.24609375 0.6259765625 0.24609375 0.6416015625 0.2587890625 0.66015625 0.2724609375 0.66796875
0 0.3251953125 0.533203125 0.3466796875 0.546875 0.3662109375 0.55078125 0.3857421875 0.548828125 0.408203125 0.5322265625 0.4150390625 0.515625 0.4140625 0.4912109375 0.40234375 0.4677734375 0.3876953125 0.453125 0.3720703125 0.4453125 0.3564453125 0.443359375 0.3330078125 0.451171875 0.318359375 0.4658203125 0.30859375 0.4853515625 0.310546875 0.5146484375 0.3251953125 0.533203125
0 0.4052734375 0.458984375 0.4306640625 0.47265625 0.4580078125 0.47265625 0.4697265625 0.466796875 0.486328125 0.4443359375 0.4892578125 0.421875 0.4892578125 0.416015625 0.4736328125 0.40625 0.4208984375 0.3828125 0.4111328125 0.375 0.3935546875 0.37890625 0.384765625 0.3974609375 0.384765625 0.4248046875 0.39453125 0.4482421875 0.4052734375 0.458984375
0 0.5029296875 0.55859375 0.5126953125 0.564453125 0.5400390625 0.564453125 0.5576171875 0.5546875 0.5703125 0.5400390625 0.5771484375 0.521484375 0.578125 0.4912109375 0.57421875 0.4833984375 0.5576171875 0.466796875 0.5400390625 0.458984375 0.5185546875 0.45703125 0.4873046875 0.466796875 0.47265625 0.4814453125 0.466796875 0.4970703125 0.466796875 0.5146484375 0.484375 0.5498046875 0.4912109375 0.556640625 0.5029296875 0.55859375
0 0.3583984375 0.76953125 0.3759765625 0.775390625 0.4013671875 0.7734375 0.4248046875 0.76171875 0.435546875 0.7509765625 0.4462890625 0.7265625 0.4453125 0.6982421875 0.43359375 0.6787109375 0.4208984375 0.66796875 0.3994140625 0.662109375 0.3837890625 0.662109375 0.3544921875 0.67578125 0.3359375 0.6943359375 0.328125 0.7119140625 0.330078125 0.7353515625 0.33984375 0.7529296875 0.3583984375 0.76953125
0 0.2255859375 0.962890625 0.2529296875 0.9609375 0.2666015625 0.955078125 0.27734375 0.9423828125 0.287109375 0.9228515625 0.2880859375 0.9140625 0.2890625 0.8955078125 0.283203125 0.8720703125 0.2734375 0.8525390625 0.2646484375 0.845703125 0.2470703125 0.83984375 0.2236328125 0.83984375 0.2041015625 0.84765625 0.1875 0.8681640625 0.1796875 0.8876953125 0.1796875 0.9169921875 0.18359375 0.9306640625 0.193359375 0.9443359375 0.2060546875 0.955078125 0.2255859375 0.962890625
0 0.5009765625 1 0.5068359375 0.98046875 0.5078125 0.9677734375 0.501953125 0.9462890625 0.4833984375 0.92578125 0.4619140625 0.912109375 0.4287109375 0.91015625 0.4130859375 0.9140625 0.396484375 0.9345703125 0.390625 0.9541015625 0.390625 0.9775390625 0.4013671875 1 0.5009765625 1
0 0.389453125 0.917578125 0.373046875 0.90390625 0.360546875 0.897265625 0.33984375 0.8953125 0.319921875 0.90234375 0.308203125 0.90859375 0.299609375 0.91640625 0.2921875 0.926171875 0.284375 0.940234375 0.27890625 0.962890625 0.280078125 0.98671875 0.286328125 1 0.375 0.99921875 0.382421875 0.98984375 0.389453125 0.977734375 0.38984375 0.966015625 0.392578125 0.945703125 0.393359375 0.929296875 0.389453125 0.917578125
0 0.45859375 0.880078125 0.47265625 0.858984375 0.4765625 0.830859375 0.468359375 0.803125 0.4546875 0.791796875 0.4328125 0.777734375 0.4078125 0.773828125 0.377734375 0.784765625 0.3578125 0.794140625 0.34609375 0.813671875 0.344921875 0.828515625 0.35 0.849609375 0.3546875 0.857421875 0.371875 0.87109375 0.384765625 0.882421875 0.407421875 0.890234375 0.43203125 0.890625 0.442578125 0.8890625 0.45859375 0.880078125
0 0.770703125 0.816796875 0.771875 0.792578125 0.76171875 0.7703125 0.751953125 0.7578125 0.732421875 0.740234375 0.70390625 0.73046875 0.686328125 0.73203125 0.66484375 0.737109375 0.650390625 0.7546875 0.644921875 0.7765625 0.644921875 0.799609375 0.648046875 0.8125 0.655859375 0.826953125 0.663671875 0.83828125 0.680078125 0.8515625 0.69921875 0.855078125 0.716015625 0.855078125 0.744140625 0.84765625 0.7609375 0.834765625 0.770703125 0.816796875
0 0.73359375 1 0.7328125 0.989453125 0.725390625 0.9765625 0.71171875 0.96171875 0.70078125 0.951171875 0.686328125 0.946484375 0.665234375 0.944921875 0.65 0.94921875 0.63515625 0.9625 0.625 0.975 0.618359375 0.9859375 0.616796875 1 0.73359375 1
0 0.79375 0.653125 0.77578125 0.637109375 0.751171875 0.6265625 0.73203125 0.6234375 0.717578125 0.6234375 0.7015625 0.633203125 0.683984375 0.660546875 0.681640625 0.68984375 0.684765625 0.708203125 0.696875 0.72421875 0.7265625 0.73671875 0.746875 0.74453125 0.76875 0.744921875 0.78515625 0.73359375 0.796484375 0.719921875 0.805078125 0.7 0.80390625 0.67734375 0.79375 0.653125
0 0.70078125 0.60234375 0.691796875 0.55703125 0.67578125 0.54140625 0.66171875 0.533984375 0.64140625 0.530859375 0.616015625 0.532421875 0.586328125 0.542578125 0.566796875 0.56328125 0.562890625 0.594140625 0.56875 0.6453125 0.59609375 0.675 0.628515625 0.686328125 0.664453125 0.678515625 0.68046875 0.666015625 0.69140625 0.64765625 0.697265625 0.630078125 0.70078125 0.60234375
0 1 0.778515625 0.976171875 0.7609375 0.96171875 0.76953125 0.946875 0.787890625 0.941796875 0.798046875 0.937109375 0.8234375 0.937109375 0.85078125 0.94609375 0.871484375 0.958203125 0.880078125 0.973046875 0.88359375 0.989453125 0.88359375 1 0.884765625 1 0.778515625
1 0.8486328125 0.80078125 0.8623046875 0.8046875 0.8740234375 0.8046875 0.8896484375 0.798828125 0.90625 0.7822265625 0.9091796875 0.76953125 0.91015625 0.7646484375 0.9052734375 0.751953125 0.8857421875 0.7421875 0.8642578125 0.7265625 0.8544921875 0.7265625 0.841796875 0.7373046875 0.837890625 0.7470703125 0.826171875 0.7587890625 0.82421875 0.7666015625 0.826171875 0.7763671875 0.8369140625 0.79296875 0.8486328125 0.80078125
1 0.359375 0.6123046875 0.3623046875 0.6171875 0.3896484375 0.6328125 0.4091796875 0.6328125 0.42578125 0.6220703125 0.4384765625 0.59765625 0.439453125 0.5791015625 0.431640625 0.5595703125 0.4130859375 0.544921875 0.3994140625 0.544921875 0.3759765625 0.560546875 0.3671875 0.5732421875 0.361328125 0.5869140625 0.359375 0.6123046875
1 0.3154296875 0.8125 0.3271484375 0.8125 0.333984375 0.8056640625 0.3359375 0.7998046875 0.345703125 0.7919921875 0.3505859375 0.7734375 0.349609375 0.7666015625 0.33984375 0.7568359375 0.330078125 0.7373046875 0.3212890625 0.728515625 0.2939453125 0.73046875 0.275390625 0.7509765625 0.275390625 0.7724609375 0.28515625 0.7978515625 0.2978515625 0.806640625 0.3154296875 0.8125
1 0.263671875 0.4384765625 0.2744140625 0.453125 0.2841796875 0.45703125 0.3193359375 0.4453125 0.32421875 0.4384765625 0.3271484375 0.421875 0.328125 0.4130859375 0.3203125 0.3896484375 0.3076171875 0.376953125 0.2861328125 0.3671875 0.2705078125 0.369140625 0.255859375 0.3837890625 0.244140625 0.4033203125 0.244140625 0.4169921875 0.25 0.4267578125 0.263671875 0.4384765625
1 0 0.4482421875 0.0166015625 0.458984375 0.0263671875 0.458984375 0.046875 0.4404296875 0.052734375 0.4326171875 0.0537109375 0.42578125 0.0546875 0.4091796875 0.04296875 0.3857421875 0.0244140625 0.373046875 0.0107421875 0.373046875 0 0.3857421875 0 0.4482421875
1 0.1240234375 0.91796875 0.1396484375 0.91796875 0.1572265625 0.91015625 0.1728515625 0.908203125 0.17578125 0.9052734375 0.1767578125 0.890625 0.17578125 0.8662109375 0.1650390625 0.85546875 0.1474609375 0.845703125 0.1201171875 0.84375 0.0908203125 0.8515625 0.07421875 0.8623046875 0.080078125 0.8818359375 0.080078125 0.9150390625 0.0869140625 0.921875 0.1142578125 0.921875 0.1240234375 0.91796875
1 0.142578125 0.6455078125 0.1591796875 0.66015625 0.1826171875 0.669921875 0.2138671875 0.671875 0.2197265625 0.669921875 0.2333984375 0.65625 0.234375 0.6455078125 0.2275390625 0.638671875 0.2119140625 0.63671875 0.1826171875 0.623046875 0.1455078125 0.5859375 0.1337890625 0.583984375 0.125 0.5908203125 0.12109375 0.6142578125 0.123046875 0.6220703125 0.142578125 0.6455078125
0 0.174609375 0.402734375 0.15546875 0.4078125 0.13515625 0.420703125 0.126171875 0.44375 0.125390625 0.45390625 0.12890625 0.463671875 0.139453125 0.47734375 0.15078125 0.4890625 0.168359375 0.503125 0.189453125 0.513671875 0.208203125 0.515234375 0.226171875 0.5078125 0.247265625 0.49375 0.25703125 0.478125 0.2578125 0.46328125 0.252734375 0.443359375 0.24140625 0.428515625 0.228125 0.414453125 0.201953125 0.405078125 0.174609375 0.402734375
0 0.23203125 0.50546875 0.212109375 0.515625 0.194140625 0.516015625 0.1765625 0.51171875 0.171875 0.512109375 0.159375 0.521875 0.14765625 0.535546875 0.140234375 0.5515625 0.137890625 0.5625 0.150390625 0.58828125 0.169921875 0.611328125 0.18515625 0.62265625 0.216796875 0.637109375 0.238671875 0.6359375 0.246875 0.6140625 0.251953125 0.581640625 0.262109375 0.56328125 0.274609375 0.54921875 0.270703125 0.5234375 0.2484375 0.505078125 0.23203125 0.50546875
0 0.154296875 0.525 0.157421875 0.51015625 0.154296875 0.491796875 0.137890625 0.476171875 0.119921875 0.460546875 0.106640625 0.4546875 0.08828125 0.45390625 0.064453125 0.472265625 0.044140625 0.48984375 0.0359375 0.511328125 0.03515625 0.54453125 0.049609375 0.571875 0.07109375 0.584765625 0.094921875 0.5875 0.118359375 0.578515625 0.1328125 0.569140625 0.141796875 0.549609375 0.154296875 0.525
0 0.08125 0.917578125 0.0796875 0.881640625 0.075 0.866015625 0.06796875 0.85234375 0.04921875 0.841796875 0.02421875 0.845703125 0.000390625 0.85390625 0 0.9640625 0.027734375 0.97109375 0.053515625 0.959375 0.078125 0.930078125 0.08125 0.917578125
0 0.036328125 0.976171875 0.028515625 0.99921875 0.134375 1 0.128515625 0.976953125 0.1125 0.960546875 0.0875 0.95078125 0.059375 0.956640625 0.036328125 0.976171875