0 0.9421568625000001 0.93359375 0.934313725 0.9296875 0.9147058828124999 0.9296875 0.8852941171875001 0.94140625 0.8705882359375 0.9521484375 0.86176470625 0.966796875 0.8607843140625 0.9794921875 0.8774509796875 1 0.9549019609375 0.9990234375 0.9509803921875 0.9736328125 0.9549019609375 0.9501953125 0.9421568625000001 0.93359375
0 1 0.7548828125 0.9931372546875 0.748046875 0.955882353125 0.7421875 0.934313725 0.74609375 0.9186274515624999 0.755859375 0.9058823531250001 0.7685546875 0.9009803921874999 0.78515625 0.9 0.8056640625 0.9039215687500001 0.8173828125 0.9088235296875 0.82421875 0.9401960781250001 0.84765625 0.9578431374999999 0.85546875 0.9852941171875 0.85546875 1 0.8466796875 1 0.7548828125
0 0.9813725484375 0.951171875 0.9990196078125001 0.951171875 1 0.8564453125 0.955882353125 0.859375 0.9509803921875 0.8662109375 0.9480392156249999 0.87890625 0.9470588234375 0.9072265625 0.9549019609375 0.9326171875 0.9813725484375 0.951171875
0 0.8813725484375 0.818359375 0.863725490625 0.8125 0.8401960781250001 0.8125 0.817647059375 0.8291015625 0.813725490625 0.8349609375 0.8107843140625001 0.875 0.81176470625 0.8935546875 0.828431371875 0.912109375 0.851960784375 0.927734375 0.8676470593750001 0.931640625 0.8872549015625 0.93359375 0.9029411765625 0.927734375 0.913725490625 0.9130859375 0.9235294125 0.8916015625 0.9235294125 0.8642578125 0.915686275 0.8486328125 0.8813725484375 0.818359375
0 1 0.5732421875 0.9931372546875 0.56640625 0.9696078437500001 0.564453125 0.9460784312499999 0.57421875 0.9235294125 0.5947265625 0.9127450984375001 0.615234375 0.913725490625 0.6513671875 0.921568628125 0.6669921875 0.934313725 0.6796875 0.95 0.689453125 0.9715686281249999 0.693359375 0.9872549015625 0.69140625 1 0.6845703125 1 0.5732421875
0 0.7166666671875 0.49609375 0.6911764703125 0.486328125 0.66176470625 0.486328125 0.6441176468750001 0.494140625 0.6294117640625 0.5185546875 0.6245098046875001 0.53515625 0.6235294125 0.5654296875 0.6313725484375 0.5810546875 0.648039215625 0.59375 0.6696078437499999 0.6015625 0.6931372546875 0.6015625 0.7166666671875 0.59375 0.7254901953124999 0.5849609375 0.7333333328125 0.5693359375 0.7392156859375001 0.5439453125 0.7372549015625001 0.5244140625 0.7294117640625 0.5087890625 0.7166666671875 0.49609375
0 0.96176470625 0.142578125 0.93823529375 0.126953125 0.9107843140625 0.125 0.8931372546875 0.1328125 0.8823529406249999 0.1455078125 0.8696078437500001 0.177734375 0.8686274515625 0.1982421875 0.8764705875000001 0.2197265625 0.9009803921874999 0.24609375 0.9166666671874999 0.255859375 0.9284313718750001 0.2578125 0.95392156875 0.248046875 0.9764705875 0.2294921875 0.982352940625 0.2197265625 0.986274509375 0.2060546875 0.986274509375 0.1826171875 0.982352940625 0.1708984375 0.96176470625 0.142578125
0 0.8970588234375001 0.326171875 0.8833333328125 0.3203125 0.85392156875 0.3203125 0.832352940625 0.330078125 0.8215686281249999 0.3466796875 0.8186274515624999 0.3671875 0.8196078437500001 0.3876953125 0.8274509796875 0.4072265625 0.851960784375 0.4296875 0.8696078437500001 0.4375 0.8950980390625001 0.435546875 0.9411764703125 0.4033203125 0.9392156859374999 0.3818359375 0.921568628125 0.3505859375 0.8970588234375001 0.326171875
0 0.7754901953125 0.314453125 0.759803921875 0.318359375 0.744117646875 0.326171875 0.7382352937500001 0.333984375 0.7264705874999999 0.337890625 0.7186274515625 0.345703125 0.7205882359375 0.3515625 0.732352940625 0.35546875 0.7450980390625 0.3662109375 0.7529411765625 0.3935546875 0.7754901953125 0.427734375 0.7970588234375 0.427734375 0.8215686281249999 0.4111328125 0.8235294124999999 0.4033203125 0.817647059375 0.3818359375 0.817647059375 0.3603515625 0.8274509796875 0.3369140625 0.8274509796875 0.3291015625 0.8205882359375 0.3203125 0.8029411765625 0.314453125 0.7754901953125 0.314453125
0 0.732352940625 0.357421875 0.7127450984375 0.353515625 0.7009803921875 0.359375 0.682352940625 0.3857421875 0.6647058828125 0.3994140625 0.66176470625 0.412109375 0.6607843140624999 0.4404296875 0.6647058828125 0.4501953125 0.6764705875 0.4658203125 0.6970588234374999 0.484375 0.7088235296875001 0.48828125 0.73039215625 0.48828125 0.7460784312500001 0.48046875 0.7568627453125 0.4697265625 0.7666666671875 0.4365234375 0.7647058828125 0.4169921875 0.7627450984374999 0.4091796875 0.7490196078125 0.3896484375 0.7450980390625 0.3701171875 0.732352940625 0.357421875
0 0.6431372546875 0.4384765625 0.6166666671875001 0.419921875 0.559803921875 0.423828125 0.544117646875 0.4296875 0.51960784375 0.4560546875 0.5088235296875 0.486328125 0.509803921875 0.4970703125 0.5245098046875001 0.5234375 0.54607843125 0.53515625 0.56960784375 0.537109375 0.5892156859375001 0.533203125 0.6068627453125 0.5234375 0.6509803921875 0.4794921875 0.6549019609375 0.4658203125 0.6431372546875 0.4384765625
0 0.55 0.318359375 0.5186274515625 0.34375 0.48137254843750005 0.34375 0.46764705937500006 0.349609375 0.4607843140625 0.3564453125 0.459803921875 0.3671875 0.4627450984375 0.3837890625 0.4872549015625 0.416015625 0.49509803906250005 0.419921875 0.544117646875 0.42578125 0.565686275 0.41796875 0.5803921562500001 0.4013671875 0.582352940625 0.3916015625 0.594117646875 0.3759765625 0.594117646875 0.3466796875 0.590196078125 0.3349609375 0.5774509796875 0.322265625 0.565686275 0.318359375 0.55 0.318359375
1 0.25588235312499996 0 0.2588235296875 0.0166015625 0.2705882359375 0.0380859375 0.2754901953125 0.04296875 0.2911764703125 0.046875 0.3068627453125 0.041015625 0.3274509796875 0.0205078125 0.3333333328125 0.0068359375 0.332352940625 0 0.25588235312499996 0
1 0.46862745156249996 0.1396484375 0.459803921875 0.12890625 0.45 0.123046875 0.42450980468750005 0.1171875 0.4078431375 0.1357421875 0.40294117656250006 0.146484375 0.40392156874999996 0.1708984375 0.41078431406249993 0.1796875 0.42450980468750005 0.1875 0.45392156874999995 0.1875 0.4705882359375 0.1708984375 0.46862745156249996 0.1396484375
1 0.5333333328125 0.3115234375 0.5225490203125001 0.30078125 0.4990196078125 0.291015625 0.48333333281249996 0.29296875 0.4764705875 0.2978515625 0.471568628125 0.30859375 0.4725490203125 0.3251953125 0.48137254843750005 0.3359375 0.4911764703125 0.341796875 0.5127450984374999 0.34375 0.5205882359375 0.33984375 0.5352941171875 0.3193359375 0.5333333328125 0.3115234375
1 0.694117646875 0.3369140625 0.682352940625 0.3193359375 0.6735294125 0.3125 0.636274509375 0.314453125 0.6274509796875 0.3212890625 0.6186274515625 0.337890625 0.6176470593750001 0.3466796875 0.6274509796875 0.3623046875 0.6294117640625 0.3740234375 0.63823529375 0.380859375 0.671568628125 0.380859375 0.6794117640625 0.376953125 0.694117646875 0.3623046875 0.69607843125 0.3564453125 0.694117646875 0.3369140625
1 0.721568628125 0.1376953125 0.7127450984375 0.12890625 0.6852941171875 0.12109375 0.6754901953125 0.125 0.6549019609375 0.1494140625 0.648039215625 0.16796875 0.6470588234375 0.1806640625 0.6509803921875 0.1923828125 0.655882353125 0.197265625 0.6911764703125 0.203125 0.7176470593750001 0.1826171875 0.7274509796874999 0.1650390625 0.7274509796874999 0.1494140625 0.721568628125 0.1376953125
1 0.794117646875 0.0400390625 0.78823529375 0.0283203125 0.76960784375 0.017578125 0.755882353125 0.017578125 0.748039215625 0.021484375 0.7421568625 0.037109375 0.7411764703125 0.0517578125 0.7470588234375 0.0634765625 0.763725490625 0.072265625 0.7833333328125 0.068359375 0.794117646875 0.0537109375 0.794117646875 0.0400390625
1 0.65 0.033203125 0.6323529406249999 0.025390625 0.6049019609374999 0.00390625 0.5911764703125 0.001953125 0.5803921562500001 0.0126953125 0.559803921875 0.0546875 0.5607843140625 0.0673828125 0.5794117640625001 0.08984375 0.6107843140625 0.08984375 0.6264705875 0.09375 0.6431372546875 0.0634765625 0.6549019609375 0.0498046875 0.6549019609375 0.0400390625 0.65 0.033203125
1 0.6764705875 0.6123046875 0.6696078437499999 0.6015625 0.6323529406249999 0.5859375 0.6186274515625 0.587890625 0.6156862750000001 0.5908203125 0.6068627453125 0.611328125 0.6078431375 0.6298828125 0.613725490625 0.6416015625 0.6264705875 0.65234375 0.648039215625 0.65234375 0.659803921875 0.646484375 0.6725490203125 0.6357421875 0.6764705875 0.6259765625 0.6764705875 0.6123046875
1 0.965686275 0.412109375 0.95392156875 0.408203125 0.9401960781250001 0.40625 0.932352940625 0.41015625 0.9039215687500001 0.4326171875 0.9029411765625 0.439453125 0.901960784375 0.4580078125 0.9078431374999999 0.4716796875 0.9264705875000001 0.486328125 0.9421568625000001 0.4921875 0.9578431374999999 0.48828125 0.9725490203125 0.4716796875 0.9784313718750001 0.4580078125 0.9764705875 0.4287109375 0.965686275 0.412109375
1 0.767647059375 0.72265625 0.7539215687499999 0.724609375 0.734313725 0.73828125 0.7294117640625 0.7470703125 0.7098039218750001 0.7666015625 0.7068627453125 0.779296875 0.705882353125 0.7900390625 0.71176470625 0.7998046875 0.732352940625 0.8125 0.7421568625 0.80859375 0.763725490625 0.810546875 0.7794117640625 0.814453125 0.8029411765625 0.828125 0.8107843140625001 0.828125 0.817647059375 0.8232421875 0.8078431374999999 0.7861328125 0.778431371875 0.7314453125 0.767647059375 0.72265625
1 0.384313725 0.1943359375 0.3735294125 0.1796875 0.363725490625 0.17578125 0.34607843125 0.17578125 0.334313725 0.181640625 0.33039215624999996 0.1875 0.3294117640625 0.1982421875 0.3431372546875 0.2236328125 0.35 0.23046875 0.365686275 0.23046875 0.378431371875 0.2216796875 0.384313725 0.2080078125 0.384313725 0.1943359375