0 0.59375 0.963725490625 0.5859375 0.9460784312499999 0.57421875 0.9284313718750001 0.5576171875 0.913725490625 0.5458984375 0.9078431374999999 0.525390625 0.9049019609375 0.5048828125 0.9039215687500001 0.4931640625 0.9078431374999999 0.47265625 0.9225490203125 0.4609375 0.9421568625000001 0.4609375 0.959803921875 0.466796875 0.9735294124999999 0.4755859375 0.986274509375 0.4990234375 1 0.5830078125 0.998039215625 0.58984375 0.9911764703125 0.595703125 0.9774509796874999 0.59375 0.963725490625
0 0.6845703125 1 0.693359375 0.9931372546875 0.701171875 0.9715686281249999 0.701171875 0.9264705875000001 0.697265625 0.9186274515624999 0.6767578125 0.9 0.6630859375 0.890196078125 0.650390625 0.8872549015625 0.6416015625 0.886274509375 0.6240234375 0.8921568625 0.603515625 0.9088235296875 0.595703125 0.9303921562499999 0.599609375 0.96176470625 0.61328125 0.9950980390625 0.6201171875 1 0.6845703125 1
0 0.6484375 0.7539215687499999 0.65625 0.734313725 0.65625 0.7049019609375 0.64453125 0.6852941171875 0.6259765625 0.6705882359374999 0.599609375 0.667647059375 0.5751953125 0.6725490203125 0.5537109375 0.686274509375 0.541015625 0.7029411765625 0.53515625 0.7186274515625 0.53515625 0.740196078125 0.544921875 0.7617647062499999 0.5654296875 0.778431371875 0.5849609375 0.784313725 0.6123046875 0.7823529406249999 0.6318359375 0.7725490203125001 0.6484375 0.7539215687499999
0 0.806640625 0.7382352937500001 0.806640625 0.7147058828125 0.796875 0.6892156859375 0.7861328125 0.6764705875 0.7685546875 0.6647058828125 0.755859375 0.66176470625 0.7294921875 0.6607843140624999 0.7158203125 0.6647058828125 0.6953125 0.6852941171875 0.6875 0.7029411765625 0.6875 0.73039215625 0.693359375 0.751960784375 0.7138671875 0.7745098046875001 0.7431640625 0.78823529375 0.7705078125 0.786274509375 0.796875 0.7617647062499999 0.806640625 0.7382352937500001
0 0.791015625 0.6186274515625 0.798828125 0.5990196078125 0.80078125 0.563725490625 0.79296875 0.53823529375 0.7607421875 0.509803921875 0.75 0.5049019609375 0.7294921875 0.505882353125 0.7099609375 0.515686275 0.6953125 0.53039215625 0.681640625 0.5578431375 0.6796875 0.5950980390625 0.68359375 0.6088235296875 0.7021484375 0.6333333328124999 0.7275390625 0.6470588234375 0.7548828125 0.6470588234375 0.7744140625 0.6352941171875 0.791015625 0.6186274515625
0 0.96484375 0.7166666671875 0.98046875 0.6852941171875 0.978515625 0.6696078437499999 0.966796875 0.640196078125 0.9580078125 0.6294117640625 0.939453125 0.6186274515625 0.9169921875 0.61960784375 0.8974609375 0.6274509796875 0.875 0.648039215625 0.8671875 0.665686275 0.865234375 0.6911764703125 0.873046875 0.7127450984375 0.8916015625 0.7352941171875 0.8994140625 0.7392156859375001 0.9287109375 0.7411764703125 0.9482421875 0.7313725484375 0.96484375 0.7166666671875
0 0.9306640625 0.8803921562499999 0.9521484375 0.890196078125 0.9736328125 0.890196078125 0.9990234375 0.8843137249999999 1 0.7872549015625 0.99609375 0.7852941171875 0.9619140625 0.784313725 0.9423828125 0.7921568625 0.9287109375 0.8019607843750001 0.9140625 0.8186274515624999 0.90625 0.836274509375 0.904296875 0.85392156875 0.91015625 0.8656862750000001 0.9306640625 0.8803921562499999
0 0.939453125 0.4205882359375 0.939453125 0.3990196078125 0.9296875 0.367647059375 0.91796875 0.351960784375 0.9013671875 0.33725490156250004 0.876953125 0.3264705875 0.8583984375 0.3274509796875 0.83984375 0.34607843125 0.826171875 0.3754901953125 0.82421875 0.40294117656250006 0.833984375 0.43235294062499996 0.8544921875 0.45294117656250005 0.8701171875 0.4627450984375 0.8994140625 0.4627450984375 0.9150390625 0.45490196093749996 0.931640625 0.43823529375000003 0.939453125 0.4205882359375
0 0.9453125 0.367647059375 0.9453125 0.38333333281250004 0.951171875 0.3990196078125 0.9736328125 0.417647059375 0.9990234375 0.4274509796875 1 0.3068627453125 0.9814453125 0.313725490625 0.9609375 0.334313725 0.9453125 0.367647059375
0 0.7890625 0.4225490203125 0.7890625 0.39509803906249996 0.77734375 0.37745097968749997 0.7626953125 0.36274509843749997 0.7470703125 0.3529411765625 0.73046875 0.35 0.7138671875 0.3509803921875 0.69140625 0.367647059375 0.677734375 0.40098039218750003 0.677734375 0.42450980468750005 0.685546875 0.444117646875 0.7001953125 0.4588235296875 0.7294921875 0.4705882359375 0.7568359375 0.4705882359375 0.775390625 0.45392156874999995 0.783203125 0.44019607812499995 0.7890625 0.4225490203125
0 1 0.0990196078125 0.9931640625 0.094117646875 0.984375 0.0931372546875 0.9638671875 0.0921568625 0.9423828125 0.101960784375 0.92578125 0.11862745156250001 0.9140625 0.144117646875 0.9140625 0.159803921875 0.92578125 0.1931372546875 0.9482421875 0.21176470625000002 0.9736328125 0.213725490625 1 0.2029411765625 1 0.0990196078125
0 0.783203125 0.21862745156250002 0.783203125 0.1990196078125 0.779296875 0.1833333328125 0.76953125 0.165686275 0.7470703125 0.14509803906250002 0.728515625 0.13823529375000002 0.7001953125 0.1411764703125 0.67578125 0.159803921875 0.669921875 0.17941176406249998 0.669921875 0.2088235296875 0.67578125 0.2225490203125 0.6943359375 0.2431372546875 0.7197265625 0.2549019609375 0.7373046875 0.2568627453125 0.7509765625 0.2549019609375 0.7734375 0.24019607812500002 0.783203125 0.21862745156250002
0 0.74609375 0.11862745156250001 0.759765625 0.0931372546875 0.76171875 0.071568628125 0.7421875 0.040196078125 0.7353515625 0.0333333328125 0.728515625 0.032352940625 0.6884765625 0.0333333328125 0.6669921875 0.041176470312500005 0.66015625 0.048039215625 0.650390625 0.0813725484375 0.65234375 0.10294117656249999 0.65625 0.12058823593750001 0.6611328125 0.12745097968750002 0.6865234375 0.13333333281249998 0.7177734375 0.1313725484375 0.7294921875 0.1313725484375 0.74609375 0.11862745156250001
0 0.9345703125 0.0647058828125 0.9560546875 0.05490196093750001 0.97265625 0.036274509375 0.978515625 0.0245098046875 0.978515625 0.0166666671875 0.970703125 0.014705882812500001 0.8779296875 0.015686275 0.87109375 0.028431371875 0.87109375 0.040196078125 0.8798828125 0.0509803921875 0.9013671875 0.06274509843750001 0.9345703125 0.0647058828125
0 0.513671875 0.1578431375 0.52734375 0.132352940625 0.52734375 0.11862745156250001 0.521484375 0.10098039218749999 0.5126953125 0.090196078125 0.486328125 0.0774509796875 0.4404296875 0.078431371875 0.4228515625 0.08823529375 0.40625 0.10294117656249999 0.400390625 0.1166666671875 0.400390625 0.134313725 0.404296875 0.148039215625 0.4169921875 0.1627450984375 0.4462890625 0.178431371875 0.4677734375 0.18039215625 0.4892578125 0.1745098046875 0.513671875 0.1578431375
0 0.4794921875 0.294117646875 0.5048828125 0.286274509375 0.5390625 0.23823529375 0.541015625 0.2147058828125 0.5107421875 0.198039215625 0.5 0.1970588234375 0.4658203125 0.19607843125 0.4541015625 0.2 0.4287109375 0.217647059375 0.4140625 0.236274509375 0.4140625 0.2421568625 0.42578125 0.259803921875 0.43359375 0.2813725484375 0.4501953125 0.294117646875 0.4794921875 0.294117646875
0 0.4384765625 0.2921568625 0.431640625 0.2833333328125 0.41796875 0.25196078437499997 0.40625 0.2421568625 0.4013671875 0.23333333281250002 0.39453125 0.23039215624999998 0.3662109375 0.2372549015625 0.3486328125 0.2490196078125 0.337890625 0.259803921875 0.328125 0.2852941171875 0.330078125 0.3107843140625 0.34375 0.332352940625 0.3583984375 0.3450980390625 0.3837890625 0.3529411765625 0.4033203125 0.3509803921875 0.4150390625 0.3450980390625 0.447265625 0.3127450984375 0.451171875 0.3049019609375 0.44921875 0.2970588234375 0.4384765625 0.2921568625
0 0.66796875 0.25588235312499996 0.6640625 0.2421568625 0.654296875 0.228431371875 0.6357421875 0.21176470625000002 0.6220703125 0.20588235312499997 0.603515625 0.2029411765625 0.5810546875 0.20392156875 0.5673828125 0.21176470625000002 0.5546875 0.22647058750000001 0.546875 0.25196078437499997 0.548828125 0.2872549015625 0.5615234375 0.3 0.5771484375 0.30784313750000003 0.5986328125 0.294117646875 0.6083984375 0.2921568625 0.6279296875 0.2921568625 0.6552734375 0.298039215625 0.66015625 0.2931372546875 0.66796875 0.27352941249999996 0.66796875 0.25588235312499996
0 0.66796875 0.38333333281250004 0.677734375 0.359803921875 0.677734375 0.340196078125 0.666015625 0.3147058828125 0.6533203125 0.30196078437499996 0.630859375 0.2950980390625 0.6083984375 0.294117646875 0.5947265625 0.298039215625 0.578125 0.3127450984375 0.56640625 0.33823529375 0.56640625 0.36960784375 0.57421875 0.38725490156250003 0.5966796875 0.405882353125 0.6259765625 0.41176470624999995 0.6474609375 0.40392156874999996 0.658203125 0.39509803906249996 0.66796875 0.38333333281250004
0 0.5390625 0.43235294062499996 0.537109375 0.4147058828125 0.5322265625 0.40980392187500003 0.5068359375 0.40196078437500005 0.494140625 0.3892156859375 0.48046875 0.367647059375 0.4638671875 0.3686274515625 0.4462890625 0.378431371875 0.423828125 0.40490196093749997 0.423828125 0.436274509375 0.43359375 0.46568627500000004 0.4521484375 0.48235294062499995 0.4677734375 0.48823529375 0.4853515625 0.48823529375 0.5166015625 0.47450980468750004 0.529296875 0.459803921875 0.537109375 0.444117646875 0.5390625 0.43235294062499996
0 0.5615234375 0.405882353125 0.572265625 0.39509803906249996 0.5625 0.363725490625 0.5625 0.33627450937500003 0.568359375 0.3127450984375 0.546875 0.2931372546875 0.5087890625 0.2921568625 0.4912109375 0.3 0.482421875 0.3127450984375 0.478515625 0.3264705875 0.48046875 0.3578431375 0.49609375 0.38725490156250003 0.5166015625 0.40392156874999996 0.5361328125 0.40980392187500003 0.5615234375 0.405882353125
0 0.3955078125 0.4647058828125 0.41015625 0.444117646875 0.41796875 0.4186274515625 0.41796875 0.39509803906249996 0.3994140625 0.37254902031250003 0.35546875 0.359803921875 0.3310546875 0.35882352968750003 0.3232421875 0.36274509843749997 0.302734375 0.3813725484375 0.294921875 0.3970588234375 0.29296875 0.41078431406249993 0.296875 0.43039215625000005 0.3271484375 0.47450980468750004 0.3349609375 0.47450980468750004 0.3603515625 0.4647058828125 0.3955078125 0.4647058828125
0 0.3681640625 0.5686274515624999 0.40234375 0.5401960781249999 0.4140625 0.5147058828125 0.41015625 0.4911764703125 0.3955078125 0.47450980468750004 0.37109375 0.46960784375 0.3427734375 0.4725490203125 0.3251953125 0.48039215625000004 0.2890625 0.5127450984374999 0.279296875 0.5323529406249999 0.279296875 0.5578431375 0.2900390625 0.5745098046875 0.3076171875 0.582352940625 0.3388671875 0.582352940625 0.3681640625 0.5686274515624999
0 0.3740234375 0.7450980390625 0.3984375 0.7225490203125 0.4140625 0.6892156859375 0.412109375 0.665686275 0.3994140625 0.6490196078125 0.365234375 0.6421568625 0.3388671875 0.6431372546875 0.3232421875 0.6490196078125 0.30078125 0.6735294125 0.287109375 0.6950980390625 0.28515625 0.7166666671875 0.2890625 0.7264705874999999 0.3095703125 0.7470588234375 0.3291015625 0.7568627453125 0.3486328125 0.7568627453125 0.3740234375 0.7450980390625
0 0.265625 0.7460784312500001 0.265625 0.728431371875 0.259765625 0.7127450984375 0.2470703125 0.7 0.2314453125 0.690196078125 0.212890625 0.6852941171875 0.1943359375 0.684313725 0.1787109375 0.690196078125 0.16015625 0.7068627453125 0.150390625 0.7245098046875 0.146484375 0.7578431375 0.1484375 0.767647059375 0.1669921875 0.7901960781249999 0.1826171875 0.79607843125 0.2080078125 0.79607843125 0.2294921875 0.78823529375 0.251953125 0.771568628125 0.265625 0.7460784312500001
0 0.14453125 0.732352940625 0.1484375 0.7205882359375 0.14453125 0.7068627453125 0.1318359375 0.694117646875 0.1142578125 0.682352940625 0.10546875 0.6813725484375001 0.0810546875 0.68039215625 0.0615234375 0.68823529375 0.048828125 0.6990196078124999 0.041015625 0.7166666671875 0.041015625 0.736274509375 0.05078125 0.7460784312500001 0.060546875 0.7735294125000001 0.0771484375 0.7901960781249999 0.0966796875 0.794117646875 0.1181640625 0.7901960781249999 0.13671875 0.7735294125000001 0.14453125 0.755882353125 0.14453125 0.732352940625
0 0.052734375 0.9460784312499999 0.05859375 0.9303921562499999 0.05859375 0.9029411765625 0.05078125 0.8833333328125 0.0302734375 0.8647058828124999 0.015625 0.859803921875 0 0.859803921875 0.0009765625 0.98039215625 0.0087890625 0.98039215625 0.0341796875 0.9647058828124999 0.052734375 0.9460784312499999
0 0.1796875 0.66176470625 0.189453125 0.6441176468750001 0.19140625 0.6245098046875001 0.181640625 0.5970588234374999 0.1669921875 0.582352940625 0.142578125 0.5735294125 0.1142578125 0.5745098046875 0.1025390625 0.5803921562500001 0.083984375 0.5990196078125 0.078125 0.6107843140625 0.076171875 0.63823529375 0.080078125 0.65 0.1025390625 0.678431371875 0.1259765625 0.684313725 0.1533203125 0.68039215625 0.1689453125 0.6725490203125 0.1796875 0.66176470625
0 0.25390625 0.5421568625 0.251953125 0.5245098046875001 0.2451171875 0.513725490625 0.2236328125 0.501960784375 0.2099609375 0.490196078125 0.197265625 0.4852941171875 0.1826171875 0.486274509375 0.162109375 0.5029411765625 0.14453125 0.5323529406249999 0.140625 0.54607843125 0.14453125 0.56960784375 0.1669921875 0.578431371875 0.1904296875 0.6039215687499999 0.2255859375 0.58823529375 0.24609375 0.565686275 0.25390625 0.5421568625
0 0 0.565686275 0.01953125 0.5774509796875 0.029296875 0.5872549015625 0.0390625 0.6068627453125 0.0439453125 0.609803921875 0.0556640625 0.609803921875 0.0654296875 0.6039215687499999 0.078125 0.5852941171875 0.107421875 0.555882353125 0.103515625 0.536274509375 0.0849609375 0.51960784375 0.0703125 0.5147058828125 0.0302734375 0.515686275 0 0.534313725 0 0.565686275
0 0.0478515625 0.509803921875 0.056640625 0.49509803906250005 0.0546875 0.471568628125 0.046875 0.455882353125 0.0302734375 0.4431372546875 0.015625 0.44019607812499995 0.0068359375 0.43921568593750004 0 0.44215686249999997 0.0009765625 0.5274509796875 0.0283203125 0.513725490625 0.0478515625 0.509803921875
0 0.0439453125 0.36274509843749997 0.064453125 0.34607843125 0.072265625 0.334313725 0.072265625 0.2813725484375 0.0576171875 0.2627450984375 0.041015625 0.25196078437499997 0.0166015625 0.2529411765625 0 0.263725490625 0.0009765625 0.36274509843749997 0.0146484375 0.36666666718749996 0.0302734375 0.36666666718749996 0.0439453125 0.36274509843749997
0 0.3285841875 0.822240153125 0.31757265156250003 0.7996885296875 0.29114496875 0.780232228125 0.25678898437500003 0.7749259640624999 0.20305269531249998 0.799246340625 0.1880770078125 0.8111854359375 0.186755625 0.8257776625 0.18719608593749998 0.8536355484374999 0.1933625421875 0.885915321875 0.20965961718749998 0.9195216625 0.234325453125 0.9314607562500001 0.26515775 0.9301341875 0.283657128125 0.9190794703125 0.300394659375 0.8956434703125 0.31845357343749997 0.8598261875000001 0.3285841875 0.822240153125
0 0.303477890625 0.185488459375 0.28718081562500003 0.172664984375 0.2629554421875 0.160725890625 0.2378491453125 0.1571883796875 0.21186192187500003 0.1664743453125 0.18411285625 0.19389004375000002 0.1779463953125 0.2235166828125 0.189398390625 0.26287147499999997 0.210981 0.29294030625 0.236968221875 0.309743475 0.2655982109375 0.3106278515625 0.2889426640625 0.3053215875 0.3047992734375 0.2907293609375 0.3166917296875 0.26242928593750003 0.32109634374999996 0.2204213609375 0.314489421875 0.2014072515625 0.303477890625 0.185488459375
0 0.8326646171875 0.1019698625 0.8177486015625 0.10813583593750001 0.80590353125 0.11782522343749999 0.797568109375 0.130157171875 0.7949358703125 0.15438064375 0.7940584609375 0.167593446875 0.793181046875 0.17772326249999998 0.79888423125 0.205029721875 0.8102905937499999 0.2239680703125 0.831787203125 0.2363000203125 0.8624966484375 0.23585959218750002 0.88487066875 0.227051059375 0.9059285734375001 0.2107552671875 0.91689623125 0.19489990625 0.9142639921875 0.1750807015625 0.9103156374999999 0.1512976546875 0.9015415109375 0.135882721875 0.8879416125 0.12002735625000001 0.8734643046875 0.10989754062499998 0.8532838125 0.100208153125 0.8326646171875 0.1019698625
1 0.8720703125 0.6431372546875 0.90234375 0.6205882359375 0.900390625 0.6009803921875 0.8681640625 0.5666666671875 0.8544921875 0.5588235296875 0.82421875 0.55392156875 0.8154296875 0.5529411765625001 0.8125 0.5578431375 0.806640625 0.5931372546875 0.81640625 0.6147058828125 0.8447265625 0.6411764703125 0.8544921875 0.6450980390625001 0.8720703125 0.6431372546875
1 0.4921875 0.5950980390625 0.484375 0.571568628125 0.48046875 0.54607843125 0.46875 0.534313725 0.466796875 0.528431371875 0.46484375 0.5029411765625 0.4541015625 0.501960784375 0.4453125 0.5107843140624999 0.435546875 0.534313725 0.43359375 0.5735294125 0.427734375 0.5950980390625 0.419921875 0.6088235296875 0.41796875 0.6264705875 0.419921875 0.63823529375 0.4306640625 0.6450980390625001 0.4482421875 0.6431372546875 0.4716796875 0.6333333328124999 0.482421875 0.6205882359375 0.4921875 0.5950980390625
1 0.58203125 0.851960784375 0.58203125 0.8166666671874999 0.578125 0.8088235296875 0.5703125 0.8029411765625 0.5654296875 0.7921568625 0.552734375 0.7872549015625 0.5361328125 0.78823529375 0.5234375 0.7990196078125 0.517578125 0.8088235296875 0.515625 0.8205882359375 0.505859375 0.836274509375 0.50390625 0.8460784312499999 0.509765625 0.8754901953124999 0.5146484375 0.8823529406249999 0.5244140625 0.886274509375 0.5576171875 0.886274509375 0.56640625 0.8774509796875 0.56640625 0.8696078437500001 0.58203125 0.851960784375
1 0.2763671875 0.68039215625 0.2890625 0.6696078437499999 0.294921875 0.659803921875 0.29296875 0.640196078125 0.2783203125 0.6235294125 0.271484375 0.6205882359375 0.2470703125 0.621568628125 0.228515625 0.636274509375 0.228515625 0.6578431375 0.234375 0.6696078437499999 0.2470703125 0.68039215625 0.2763671875 0.68039215625
1 0.3623046875 0.61960784375 0.3779296875 0.621568628125 0.3896484375 0.6176470593750001 0.412109375 0.5911764703125 0.4140625 0.5735294125 0.400390625 0.555882353125 0.3896484375 0.5549019609375 0.3818359375 0.5588235296875 0.3623046875 0.5725490203125 0.34765625 0.5892156859375001 0.34765625 0.6049019609374999 0.3623046875 0.61960784375
1 0.2529296875 0.5117647062499999 0.2666015625 0.505882353125 0.2734375 0.4990196078125 0.279296875 0.48137254843750005 0.2607421875 0.45490196093749996 0.23828125 0.44607843125 0.2158203125 0.4470588234375 0.2060546875 0.45294117656250005 0.19921875 0.46764705937500006 0.19921875 0.48137254843750005 0.2314453125 0.505882353125 0.2451171875 0.5117647062499999 0.2529296875 0.5117647062499999
1 0.3544921875 0.1666666671875 0.3662109375 0.1607843140625 0.3828125 0.13627450937500002 0.3828125 0.1107843140625 0.376953125 0.0970588234375 0.3671875 0.09117647031250001 0.3466796875 0.0921568625 0.3251953125 0.098039215625 0.31640625 0.1088235296875 0.31640625 0.148039215625 0.3193359375 0.1529411765625 0.3408203125 0.1666666671875 0.3544921875 0.1666666671875
1 0.6103515625 0.11960784375 0.63671875 0.1088235296875 0.642578125 0.0950980390625 0.64453125 0.0794117640625 0.630859375 0.05 0.623046875 0.044117646875 0.6005859375 0.0431372546875 0.5830078125 0.0470588234375 0.572265625 0.057843137499999996 0.564453125 0.0754901953125 0.564453125 0.0892156859375 0.5830078125 0.113725490625 0.5986328125 0.11960784375 0.6103515625 0.11960784375
1 0.7421875 0.038235293749999996 0.7626953125 0.0666666671875 0.7900390625 0.0666666671875 0.810546875 0.05 0.814453125 0.028431371875 0.80859375 0.0245098046875 0.7529296875 0.025490195312500002 0.7421875 0.032352940625 0.7421875 0.038235293749999996
1 0.1201171875 0.486274509375 0.13671875 0.46960784375 0.138671875 0.463725490625 0.138671875 0.44019607812499995 0.1328125 0.428431371875 0.123046875 0.4225490203125 0.1044921875 0.421568628125 0.087890625 0.436274509375 0.080078125 0.45196078437500004 0.08203125 0.471568628125 0.0947265625 0.484313725 0.1044921875 0.48823529375 0.1201171875 0.486274509375
1 0.115234375 0.3225490203125 0.119140625 0.30882352968750004 0.126953125 0.2990196078125 0.12890625 0.2813725484375 0.1064453125 0.2509803921875 0.07421875 0.244117646875 0.0634765625 0.2431372546875 0.0537109375 0.24705882343750002 0.048828125 0.25392156875 0.06640625 0.26960784375 0.072265625 0.2813725484375 0.076171875 0.3009803921875 0.072265625 0.328431371875 0.0771484375 0.3392156859375 0.0869140625 0.3431372546875 0.1044921875 0.3333333328125 0.115234375 0.3225490203125
1 0.1826171875 0.998039215625 0.20703125 0.9754901953124999 0.216796875 0.9578431374999999 0.216796875 0.95 0.1953125 0.9205882359374999 0.185546875 0.9127450984375001 0.1728515625 0.913725490625 0.1396484375 0.9372549015624999 0.1025390625 0.9529411765625 0.095703125 0.959803921875 0.0908203125 0.9725490203125 0.064453125 0.9833333328125 0.056640625 0.9931372546875 0.056640625 0.9990196078125001 0.1826171875 0.998039215625
1 0.8603515625 0.9549019609375 0.849609375 0.9676470593750001 0.837890625 0.9990196078125001 0.9189453125 1 0.91796875 0.9676470593750001 0.890625 0.9480392156249999 0.8720703125 0.9490196078125 0.8603515625 0.9549019609375
0 0.029296875 0.65 0.0390625 0.6264705875 0.0390625 0.6107843140625 0.02734375 0.5852941171875 0.0185546875 0.5764705875 0.001953125 0.567647059375 0 0.671568628125 0.0029296875 0.6725490203125 0.0126953125 0.6686274515624999 0.029296875 0.65