0 1 0.3212890625 0.9873046875 0.306640625 0.9716796875 0.3046875 0.9560546875 0.294921875 0.9365234375 0.30859375 0.923828125 0.3251953125 0.916015625 0.3447265625 0.916015625 0.3583984375 0.923828125 0.3818359375 0.9384765625 0.3984375 0.9501953125 0.404296875 0.982421875 0.4033203125 1 0.3974609375 1 0.3212890625
0 1 0.2021484375 0.9873046875 0.201171875 0.9716796875 0.208984375 0.95703125 0.2236328125 0.951171875 0.2431640625 0.951171875 0.2626953125 0.953125 0.2744140625 0.9619140625 0.287109375 0.9814453125 0.28515625 0.9951171875 0.294921875 1 0.2939453125 1 0.2021484375
0 0.8486328125 0.271484375 0.8369140625 0.267578125 0.8095703125 0.271484375 0.783203125 0.2939453125 0.76953125 0.3173828125 0.76171875 0.3466796875 0.765625 0.3779296875 0.7822265625 0.3984375 0.7958984375 0.404296875 0.8203125 0.4033203125 0.8369140625 0.400390625 0.8564453125 0.390625 0.87109375 0.3701171875 0.875 0.3486328125 0.875 0.3212890625 0.865234375 0.2958984375 0.85546875 0.2783203125 0.8486328125 0.271484375
0 0.9150390625 0.396484375 0.8974609375 0.39453125 0.8798828125 0.400390625 0.869140625 0.4111328125 0.86328125 0.4248046875 0.86328125 0.4501953125 0.884765625 0.4970703125 0.888671875 0.5205078125 0.8984375 0.5419921875 0.9033203125 0.546875 0.916015625 0.5458984375 0.9345703125 0.544921875 0.9423828125 0.541015625 0.95703125 0.5224609375 0.96484375 0.4970703125 0.96484375 0.4501953125 0.95703125 0.4326171875 0.9345703125 0.40625 0.9150390625 0.396484375
0 0.7998046875 0.4375 0.7880859375 0.44140625 0.7744140625 0.44921875 0.751953125 0.4775390625 0.748046875 0.5087890625 0.755859375 0.5361328125 0.7880859375 0.572265625 0.84765625 0.5732421875 0.8681640625 0.56640625 0.87890625 0.5537109375 0.880859375 0.5263671875 0.8671875 0.4755859375 0.85546875 0.4580078125 0.8349609375 0.44140625 0.8212890625 0.4375 0.7998046875 0.4375
0 0.6484375 0.7080078125 0.6767578125 0.732421875 0.6923828125 0.736328125 0.7109375 0.7353515625 0.7333984375 0.728515625 0.763671875 0.7001953125 0.755859375 0.6630859375 0.7216796875 0.619140625 0.6572265625 0.642578125 0.638671875 0.6611328125 0.638671875 0.6884765625 0.6484375 0.7080078125
0 0.6279296875 0.287109375 0.61328125 0.2998046875 0.580078125 0.3720703125 0.58203125 0.3818359375 0.6083984375 0.408203125 0.6220703125 0.416015625 0.63671875 0.4169921875 0.6552734375 0.4140625 0.6767578125 0.40234375 0.6953125 0.3837890625 0.70703125 0.3603515625 0.70703125 0.3505859375 0.701171875 0.3388671875 0.6533203125 0.279296875 0.6279296875 0.287109375
0 0.6806640625 0.853515625 0.6552734375 0.857421875 0.630859375 0.8779296875 0.615234375 0.9130859375 0.61328125 0.9404296875 0.62109375 0.9580078125 0.6357421875 0.9765625 0.6689453125 0.9921875 0.685546875 0.9912109375 0.6962890625 0.986328125 0.7109375 0.9658203125 0.712890625 0.9326171875 0.720703125 0.9072265625 0.720703125 0.8896484375 0.716796875 0.8759765625 0.7060546875 0.861328125 0.6806640625 0.853515625
0 0.3125 0.8720703125 0.3046875 0.8564453125 0.2861328125 0.841796875 0.2490234375 0.841796875 0.2314453125 0.845703125 0.2177734375 0.853515625 0.205078125 0.8701171875 0.205078125 0.9033203125 0.2109375 0.9267578125 0.220703125 0.9462890625 0.2353515625 0.9609375 0.2568359375 0.970703125 0.2685546875 0.98046875 0.28515625 0.9814453125 0.2958984375 0.978515625 0.306640625 0.9658203125 0.3046875 0.9560546875 0.310546875 0.9501953125 0.314453125 0.9384765625 0.31640625 0.9189453125 0.3125 0.9091796875 0.3125 0.8720703125
0 0.458984375 0.7783203125 0.458984375 0.8134765625 0.470703125 0.8466796875 0.4873046875 0.865234375 0.4990234375 0.87109375 0.5224609375 0.876953125 0.53515625 0.8759765625 0.5498046875 0.873046875 0.5703125 0.8525390625 0.578125 0.8173828125 0.576171875 0.8017578125 0.5244140625 0.75 0.4755859375 0.75 0.466796875 0.7587890625 0.458984375 0.7783203125
0 0.5830078125 0.67578125 0.5556640625 0.69140625 0.5283203125 0.6953125 0.51953125 0.7119140625 0.517578125 0.7412109375 0.572265625 0.7939453125 0.578125 0.8076171875 0.5859375 0.8095703125 0.5986328125 0.8046875 0.615234375 0.7841796875 0.623046875 0.7646484375 0.625 0.7451171875 0.62109375 0.7216796875 0.609375 0.6982421875 0.5908203125 0.677734375 0.5830078125 0.67578125
0 0.1962890625 0.6015625 0.1796875 0.6162109375 0.173828125 0.6279296875 0.171875 0.6591796875 0.17578125 0.6708984375 0.189453125 0.6923828125 0.2021484375 0.705078125 0.2255859375 0.71875 0.248046875 0.7216796875 0.2705078125 0.71875 0.296875 0.6982421875 0.30078125 0.6865234375 0.298828125 0.6552734375 0.2890625 0.6337890625 0.2587890625 0.60546875 0.2314453125 0.595703125 0.1962890625 0.6015625
0 0.399609375 0.93515625 0.389453125 0.9578125 0.38828125 0.97734375 0.394921875 0.998828125 0.5359375 1 0.525390625 0.9859375 0.507421875 0.95859375 0.48515625 0.92890625 0.43984375 0.9171875 0.410546875 0.92265625 0.399609375 0.93515625
0 0.3625 0.854296875 0.345703125 0.853515625 0.3203125 0.8640625 0.31875 0.884375 0.318359375 0.92734375 0.32265625 0.9515625 0.345703125 0.960546875 0.36875 0.9703125 0.385546875 0.958984375 0.39609375 0.94140625 0.40546875 0.923046875 0.405859375 0.910546875 0.4 0.8875 0.3875 0.872265625 0.37734375 0.86015625 0.3625 0.854296875
0 0.9658203125 0.84765625 0.9501953125 0.841796875 0.9248046875 0.841796875 0.90234375 0.8662109375 0.896484375 0.8935546875 0.8984375 0.9208984375 0.90625 0.9462890625 0.919921875 0.9658203125 0.9443359375 0.986328125 0.9541015625 0.990234375 0.966796875 0.9892578125 0.9814453125 0.984375 0.986328125 0.9794921875 0.986328125 0.9716796875 0.994140625 0.9658203125 0.998046875 0.9482421875 0.99609375 0.9013671875 0.98046875 0.8642578125 0.9658203125 0.84765625
0 0.8466796875 0.7734375 0.8291015625 0.7734375 0.8076171875 0.78515625 0.794921875 0.7998046875 0.787109375 0.8173828125 0.78515625 0.8466796875 0.796875 0.8759765625 0.8173828125 0.896484375 0.8330078125 0.904296875 0.859375 0.9033203125 0.880859375 0.8857421875 0.890625 0.8701171875 0.890625 0.8623046875 0.8984375 0.8466796875 0.8984375 0.8193359375 0.890625 0.7978515625 0.8701171875 0.779296875 0.8466796875 0.7734375
0 0.8193359375 0.943359375 0.8046875 0.9599609375 0.796875 0.9755859375 0.794921875 0.9951171875 0.7978515625 1 0.896484375 0.9990234375 0.900390625 0.9833984375 0.89453125 0.9697265625 0.89453125 0.9619140625 0.888671875 0.9501953125 0.8779296875 0.939453125 0.8662109375 0.93359375 0.8427734375 0.93359375 0.8193359375 0.943359375
0 1 0.6669921875 0.9658203125 0.662109375 0.9453125 0.6865234375 0.935546875 0.7158203125 0.939453125 0.7529296875 0.953125 0.7783203125 0.9638671875 0.791015625 0.9873046875 0.80078125 1 0.7998046875 1 0.6669921875
0 1 0.5380859375 0.9951171875 0.537109375 0.982421875 0.5478515625 0.97265625 0.5693359375 0.958984375 0.5869140625 0.953125 0.6064453125 0.953125 0.6279296875 0.9638671875 0.650390625 0.9833984375 0.65625 1 0.6552734375 1 0.5380859375
0 0.97421875 0.56328125 0.978125 0.548046875 0.965234375 0.51292453125 0.958203125 0.5250225000000001 0.93515625 0.5480693750000001 0.914453125 0.5484600000000001 0.89765625 0.543381875 0.887109375 0.530100625 0.88046875 0.5386943750000001 0.880859375 0.552756875 0.874609375 0.56642875 0.87109375 0.5777568750000001 0.871875 0.595725625 0.8796875 0.617600625 0.88984375 0.625 0.9171875 0.6375 0.940234375 0.638671875 0.95390625 0.63671875 0.951953125 0.619921875 0.9515625 0.605078125 0.956640625 0.590625 0.96328125 0.576953125 0.97421875 0.56328125
0 0.79296875 0.5750225 0.786328125 0.5718975000000001 0.755078125 0.57267875 0.733203125 0.592600625 0.7234375 0.61174125 0.725390625 0.623850625 0.740234375 0.6441631250000001 0.753515625 0.659006875 0.760546875 0.672288125 0.762890625 0.6949443750000001 0.766015625 0.707444375 0.77734375 0.7121318750000001 0.802734375 0.70392875 0.81328125 0.698069375 0.82109375 0.677756875 0.821484375 0.65236625 0.82578125 0.625413125 0.826171875 0.617600625 0.817578125 0.5968975000000001 0.81171875 0.5906475 0.800390625 0.580100625 0.79296875 0.5750225
0 0.8765625 0.6144756250000001 0.870703125 0.601585 0.862890625 0.590256875 0.843359375 0.58830375 0.819140625 0.5949443750000001 0.818359375 0.5953350000000001 0.825 0.6164287500000001 0.825 0.6343975000000001 0.821484375 0.6554912500000001 0.821484375 0.670725625 0.819921875 0.6812725000000001 0.815234375 0.6949443750000001 0.81328125 0.7031475 0.823828125 0.703538125 0.864453125 0.6988506250000001 0.890234375 0.6871318750000001 0.91484375 0.673850625 0.92421875 0.650413125 0.924609375 0.639475625 0.905859375 0.6324443750000001 0.88515625 0.623850625 0.8765625 0.6144756250000001
0 0.5419921875 0.388671875 0.5283203125 0.388671875 0.5146484375 0.39453125 0.49609375 0.4228515625 0.498046875 0.4755859375 0.494140625 0.5126953125 0.490234375 0.5146484375 0.490234375 0.5185546875 0.4990234375 0.529296875 0.505859375 0.5302734375 0.5439453125 0.509765625 0.5625 0.4912109375 0.57421875 0.4736328125 0.58203125 0.4541015625 0.583984375 0.4326171875 0.578125 0.4150390625 0.5576171875 0.39453125 0.5419921875 0.388671875
0 0.48828125 0.54921875 0.486328125 0.566796875 0.5 0.575390625 0.516015625 0.57109375 0.54765625 0.56875 0.570703125 0.576953125 0.6 0.593359375 0.60390625 0.582421875 0.61484375 0.553515625 0.615625 0.521484375 0.5984375 0.496484375 0.5828125 0.484765625 0.5734375 0.480078125 0.56953125 0.48671875 0.5546875 0.50078125 0.538671875 0.513671875 0.515625 0.526171875 0.4984375 0.534765625 0.48828125 0.54921875
0 0.579296875 0.6765625 0.596484375 0.658984375 0.6 0.63515625 0.595703125 0.601953125 0.5890625 0.589453125 0.573046875 0.57890625 0.548828125 0.57109375 0.519921875 0.568359375 0.491015625 0.578125 0.48671875 0.58828125 0.481640625 0.6015625 0.479296875 0.625390625 0.480078125 0.646484375 0.487890625 0.6640625 0.50546875 0.683984375 0.533203125 0.693359375 0.562890625 0.687109375 0.579296875 0.6765625
0 0.48203125 0.64921875 0.47734375 0.625390625 0.477734375 0.60546875 0.465234375 0.59296875 0.42890625 0.58984375 0.408203125 0.60546875 0.3953125 0.63046875 0.391015625 0.6578125 0.38828125 0.669921875 0.39296875 0.70078125 0.430078125 0.744140625 0.444921875 0.75078125 0.476953125 0.739453125 0.5 0.7203125 0.508203125 0.684765625 0.48984375 0.668359375 0.48203125 0.64921875
0 0.494921875 0.439453125 0.4734375 0.41953125 0.448046875 0.418359375 0.4171875 0.427734375 0.398828125 0.427734375 0.373828125 0.438671875 0.3671875 0.4625 0.375390625 0.505859375 0.39375 0.52265625 0.43359375 0.534765625 0.462109375 0.53671875 0.479296875 0.524609375 0.487890625 0.49765625 0.494921875 0.46875 0.494921875 0.439453125
0 0.480859375 0.5546875 0.469140625 0.537890625 0.43515625 0.534375 0.401953125 0.5265625 0.38359375 0.516796875 0.36640625 0.49765625 0.337890625 0.501953125 0.328515625 0.51953125 0.337890625 0.549609375 0.3625 0.591796875 0.391015625 0.6140625 0.4015625 0.612109375 0.41953125 0.5953125 0.43359375 0.590625 0.46640625 0.591796875 0.480859375 0.578125 0.480859375 0.5546875
1 0 0.8212890625 0.009765625 0.8212890625 0.0302734375 0.810546875 0.044921875 0.7958984375 0.052734375 0.7783203125 0.05078125 0.7529296875 0.046875 0.7431640625 0.0283203125 0.724609375 0 0.7548828125 0 0.8212890625
1 0.6474609375 0.5703125 0.6142578125 0.58203125 0.60546875 0.5966796875 0.626953125 0.6337890625 0.6455078125 0.642578125 0.654296875 0.6416015625 0.6611328125 0.63671875 0.7001953125 0.625 0.708984375 0.6142578125 0.70703125 0.6005859375 0.703125 0.5947265625 0.6884765625 0.580078125 0.6708984375 0.572265625 0.6474609375 0.5703125
1 0.50390625 0.9580078125 0.5263671875 0.98828125 0.5400390625 0.9921875 0.552734375 0.9912109375 0.568359375 0.9755859375 0.568359375 0.9345703125 0.564453125 0.9267578125 0.5537109375 0.91796875 0.5263671875 0.91796875 0.5185546875 0.921875 0.50390625 0.9365234375 0.50390625 0.9580078125
1 0.7373046875 0.90234375 0.7275390625 0.90625 0.720703125 0.9169921875 0.71484375 0.9365234375 0.71484375 0.9873046875 0.7177734375 0.9921875 0.728515625 0.9931640625 0.7666015625 0.982421875 0.783203125 0.9697265625 0.791015625 0.9541015625 0.791015625 0.9404296875 0.78125 0.9248046875 0.7666015625 0.912109375 0.7490234375 0.90234375 0.7373046875 0.90234375
1 0.9033203125 0.212890625 0.880859375 0.2314453125 0.8671875 0.2646484375 0.8671875 0.2783203125 0.87109375 0.2900390625 0.8876953125 0.302734375 0.90234375 0.3017578125 0.9111328125 0.298828125 0.9287109375 0.28515625 0.939453125 0.2744140625 0.94140625 0.2685546875 0.939453125 0.2490234375 0.935546875 0.2412109375 0.9150390625 0.21875 0.9033203125 0.212890625
1 0.7080078125 0.27734375 0.7158203125 0.28125 0.734375 0.2802734375 0.751953125 0.2666015625 0.75390625 0.2431640625 0.7451171875 0.228515625 0.7275390625 0.220703125 0.7138671875 0.2265625 0.6953125 0.2412109375 0.693359375 0.2607421875 0.7080078125 0.27734375
0 1 0.12271796875 0.9790367234374999 0.11234107812500001 0.898728640625 0.1434717421875 0.890607596875 0.180918765625 0.9036915000000001 0.2097935828125 0.9262499484375001 0.22784034375 0.945650215625 0.24272891875 0.9569294421875 0.2224263171875 0.9709156796875 0.2057330625 1 0.19310033124999998 1 0.12271796875