0 0.5380859375 0.107421875 0.5068359375 0.109375 0.4814453125 0.119140625 0.453125 0.1416015625 0.44140625 0.1572265625 0.4384765625 0.1796875 0.44140625 0.1962890625 0.4521484375 0.208984375 0.4716796875 0.220703125 0.5146484375 0.2265625 0.5322265625 0.224609375 0.5556640625 0.216796875 0.578125 0.1943359375 0.583984375 0.1787109375 0.583984375 0.1455078125 0.5703125 0.1220703125 0.5537109375 0.111328125 0.5380859375 0.107421875
0 0.6279296875 0.072265625 0.63671875 0.0634765625 0.654296875 0.0302734375 0.654296875 0.0048828125 0.6513671875 0 0.5361328125 0.001953125 0.537109375 0.0224609375 0.548828125 0.0556640625 0.5673828125 0.07421875 0.5830078125 0.08203125 0.6103515625 0.08203125 0.6279296875 0.072265625
0 0.51171875 0.2841796875 0.4931640625 0.263671875 0.4560546875 0.2421875 0.4150390625 0.23828125 0.3935546875 0.248046875 0.3818359375 0.267578125 0.384765625 0.3056640625 0.408203125 0.3466796875 0.4208984375 0.359375 0.4541015625 0.37890625 0.4794921875 0.384765625 0.4931640625 0.384765625 0.513671875 0.3740234375 0.525390625 0.3466796875 0.525390625 0.3134765625 0.51171875 0.2841796875
0 0.1591796875 0.482421875 0.1376953125 0.47265625 0.1220703125 0.47265625 0.0927734375 0.486328125 0.078125 0.5087890625 0.0751953125 0.525390625 0.076171875 0.5517578125 0.0859375 0.5751953125 0.1064453125 0.59765625 0.1201171875 0.603515625 0.1474609375 0.603515625 0.1650390625 0.595703125 0.17578125 0.5869140625 0.189453125 0.5673828125 0.1953125 0.5498046875 0.193359375 0.5283203125 0.1796875 0.5009765625 0.1591796875 0.482421875
0 0.0546875 0.5029296875 0.056640625 0.4853515625 0.052734375 0.4697265625 0.0400390625 0.451171875 0.0224609375 0.439453125 0.0009765625 0.43359375 0 0.5517578125 0.0087890625 0.552734375 0.0322265625 0.541015625 0.046875 0.5224609375 0.0546875 0.5029296875
0 0.0625 0.6337890625 0.0625 0.6103515625 0.046875 0.5849609375 0.0361328125 0.576171875 0.0146484375 0.56640625 0.0009765625 0.56640625 0 0.6787109375 0.0087890625 0.681640625 0.0302734375 0.681640625 0.046875 0.6669921875 0.05859375 0.6474609375 0.0625 0.6337890625
0 0.1650390625 0.65234375 0.1435546875 0.642578125 0.1220703125 0.640625 0.1025390625 0.65234375 0.08984375 0.6650390625 0.0849609375 0.677734375 0.083984375 0.7099609375 0.087890625 0.7216796875 0.103515625 0.7470703125 0.1181640625 0.76171875 0.1357421875 0.76953125 0.1591796875 0.771484375 0.1787109375 0.767578125 0.1875 0.7607421875 0.19921875 0.7373046875 0.197265625 0.6962890625 0.193359375 0.6865234375 0.1650390625 0.65234375
0 0.2353515625 0.76171875 0.2060546875 0.76171875 0.1748046875 0.7734375 0.158203125 0.7880859375 0.150390625 0.8056640625 0.1494140625 0.8203125 0.150390625 0.8330078125 0.1728515625 0.85546875 0.2021484375 0.8671875 0.2294921875 0.869140625 0.2802734375 0.861328125 0.291015625 0.8525390625 0.296875 0.8408203125 0.294921875 0.8076171875 0.283203125 0.7861328125 0.2685546875 0.771484375 0.2353515625 0.76171875
0 0.1806640625 1 0.185546875 0.9892578125 0.18359375 0.9619140625 0.1669921875 0.9453125 0.1455078125 0.93359375 0.0908203125 0.923828125 0.0810546875 0.92578125 0.0546875 0.9521484375 0.0400390625 0.9765625 0.0400390625 1 0.1806640625 1
0 0.421484375 0.440234375 0.4015625 0.450390625 0.38359375 0.4609375 0.391015625 0.471484375 0.40859375 0.487890625 0.431640625 0.498046875 0.45234375 0.503515625 0.474609375 0.508203125 0.498828125 0.5015625 0.516015625 0.482421875 0.525 0.458984375 0.521484375 0.428515625 0.51328125 0.410546875 0.494921875 0.3921875 0.478515625 0.38203125 0.46015625 0.377734375 0.434765625 0.365625 0.428125 0.370703125 0.439453125 0.395703125 0.43203125 0.424609375 0.421484375 0.440234375
0 0.2875 0.354296875 0.283203125 0.369140625 0.283203125 0.389453125 0.287109375 0.40703125 0.29609375 0.423046875 0.31015625 0.440234375 0.32421875 0.448828125 0.35078125 0.457421875 0.373828125 0.458984375 0.38828125 0.456640625 0.41875 0.442578125 0.432421875 0.4265625 0.43828125 0.4 0.435546875 0.384765625 0.425390625 0.3671875 0.408984375 0.348046875 0.38984375 0.3359375 0.366796875 0.328125 0.34453125 0.330859375 0.301171875 0.344921875 0.2875 0.354296875
0 0.166796875 0.339453125 0.156640625 0.361328125 0.151953125 0.385546875 0.155859375 0.4125 0.162890625 0.428125 0.174609375 0.43828125 0.178125 0.44921875 0.210546875 0.46015625 0.228515625 0.46015625 0.254296875 0.457421875 0.277734375 0.44609375 0.28828125 0.42421875 0.285546875 0.39765625 0.275 0.366015625 0.253515625 0.33828125 0.227734375 0.3296875 0.20703125 0.323828125 0.183203125 0.329296875 0.166796875 0.339453125
0 0.16953125 0.62421875 0.17109375 0.6546875 0.1890625 0.682421875 0.201171875 0.68671875 0.220703125 0.690625 0.247265625 0.68203125 0.2671875 0.658984375 0.28203125 0.6359375 0.283203125 0.5890625 0.26875 0.5640625 0.244921875 0.55078125 0.218359375 0.5484375 0.20859375 0.556640625 0.19921875 0.568359375 0.1828125 0.586328125 0.16953125 0.62421875
1 0.3447265625 0 0.3291015625 0.03125 0.328125 0.0439453125 0.33203125 0.0537109375 0.3447265625 0.0703125 0.3623046875 0.080078125 0.3876953125 0.080078125 0.4091796875 0.076171875 0.4375 0.0537109375 0.4375 0.0400390625 0.4169921875 0.029296875 0.41015625 0.0205078125 0.408203125 0.0107421875 0.3955078125 0 0.3447265625 0
1 0.291015625 0.1083984375 0.2802734375 0.1015625 0.2548828125 0.103515625 0.2294921875 0.119140625 0.22265625 0.1259765625 0.2158203125 0.140625 0.21484375 0.1552734375 0.23046875 0.1943359375 0.2607421875 0.21875 0.2724609375 0.21875 0.283203125 0.2041015625 0.28515625 0.1884765625 0.294921875 0.1787109375 0.298828125 0.1708984375 0.298828125 0.1611328125 0.30859375 0.1455078125 0.306640625 0.1337890625 0.294921875 0.1201171875 0.291015625 0.1083984375
1 0.4091796875 0.484375 0.3955078125 0.474609375 0.3798828125 0.474609375 0.3623046875 0.482421875 0.353515625 0.4951171875 0.3525390625 0.501953125 0.3515625 0.5087890625 0.359375 0.5400390625 0.3681640625 0.548828125 0.3916015625 0.5546875 0.4267578125 0.546875 0.439453125 0.5322265625 0.44921875 0.5048828125 0.4462890625 0.5 0.4091796875 0.484375
1 0.2998046875 0.44921875 0.2724609375 0.447265625 0.2568359375 0.45703125 0.2431640625 0.4609375 0.236328125 0.4677734375 0.2314453125 0.482421875 0.23046875 0.4892578125 0.234375 0.4970703125 0.2509765625 0.513671875 0.2978515625 0.513671875 0.31640625 0.4912109375 0.322265625 0.4775390625 0.322265625 0.4677734375 0.3115234375 0.455078125 0.2998046875 0.44921875
0 0.316796875 0.22890625 0.26328125 0.223828125 0.23515625 0.22421875 0.20703125 0.238671875 0.193359375 0.251171875 0.181640625 0.291796875 0.181640625 0.32421875 0.208203125 0.329296875 0.225 0.33203125 0.24296875 0.335546875 0.257421875 0.3453125 0.268359375 0.350390625 0.284765625 0.348046875 0.330078125 0.3359375 0.36015625 0.321484375 0.361328125 0.29296875 0.349609375 0.25390625 0.33984375 0.24140625 0.316796875 0.22890625
0 0.584765625 0.15 0.59140625 0.18046875 0.605859375 0.201953125 0.63515625 0.21796875 0.6671875 0.221484375 0.702734375 0.21328125 0.734765625 0.13046875 0.723828125 0.11328125 0.68203125 0.098046875 0.659765625 0.07890625 0.633984375 0.070703125 0.610546875 0.082421875 0.588671875 0.0953125 0.580078125 0.106640625 0.584765625 0.15
0 0.71015625 0.106640625 0.723828125 0.111328125 0.74140625 0.1203125 0.78828125 0.0375 0.785546875 0.0375 0.7640625 0.012890625 0.740234375 0.001171875 0.669921875 0 0.65234375 0.009375 0.653125 0.04140625 0.663671875 0.078125 0.6828125 0.09765625 0.71015625 0.106640625