0 0.2783203125 0.8509803921874999 0.296875 0.834313725 0.302734375 0.8029411765625 0.294921875 0.7774509796875 0.275390625 0.75 0.2421875 0.73039215625 0.2158203125 0.7294117640625 0.1923828125 0.7372549015625001 0.173828125 0.759803921875 0.171875 0.7931372546875 0.18359375 0.8205882359375 0.2060546875 0.8431372546875 0.2373046875 0.8568627453125 0.2626953125 0.8568627453125 0.2783203125 0.8509803921874999
0 0.873046875 0.49705882343749996 0.875 0.45196078437500004 0.8671875 0.428431371875 0.859375 0.41274509843749996 0.8505859375 0.40392156874999996 0.83203125 0.3990196078125 0.8173828125 0.4 0.7890625 0.4186274515625 0.771484375 0.444117646875 0.759765625 0.4774509796875 0.759765625 0.49705882343749996 0.765625 0.5127450984374999 0.7763671875 0.5274509796875 0.7958984375 0.5372549015625 0.8212890625 0.5372549015625 0.8466796875 0.5294117640625 0.865234375 0.5147058828125 0.873046875 0.49705882343749996
0 1 0.455882353125 0.9873046875 0.43921568593750004 0.9755859375 0.4372549015625 0.9609375 0.4264705875 0.9560546875 0.4254901953125 0.9423828125 0.4352941171875 0.923828125 0.455882353125 0.91796875 0.471568628125 0.91796875 0.4931372546875 0.923828125 0.5127450984374999 0.9384765625 0.5294117640625 0.9560546875 0.5372549015625 0.9716796875 0.5372549015625 0.9931640625 0.5313725484375 1 0.5264705875 1 0.4990196078125 1 0.48921568593750003 1 0.455882353125
0 1 0.332352940625 0.9873046875 0.33137254843749997 0.9638671875 0.3431372546875 0.953125 0.359803921875 0.94921875 0.37745097968749997 0.94921875 0.3931372546875 0.955078125 0.4147058828125 0.9619140625 0.421568628125 0.9794921875 0.42941176406250003 0.9912109375 0.42941176406250003 0.9970703125 0.43333333281249997 1 0.43235294062499996 1 0.332352940625
0 0.966796875 0.6205882359375 0.966796875 0.5892156859375001 0.9609375 0.56960784375 0.94921875 0.5519607843750001 0.9267578125 0.5313725484375 0.908203125 0.5264705875 0.8876953125 0.5274509796875 0.8671875 0.544117646875 0.86328125 0.55392156875 0.86328125 0.5852941171875 0.8984375 0.6735294125 0.9033203125 0.678431371875 0.9326171875 0.678431371875 0.955078125 0.659803921875 0.9609375 0.6460784312500001 0.966796875 0.6205882359375
0 0.774609375 0.6909803921875 0.785546875 0.694117646875 0.804296875 0.7007843140625 0.820703125 0.70392156875 0.83984375 0.7047058828125 0.85859375 0.701568628125 0.88203125 0.6925490203125 0.889453125 0.674117646875 0.87421875 0.64039215625 0.86015625 0.6113725484375 0.855078125 0.586274509375 0.83125 0.5670588234375 0.80078125 0.5650980390625 0.776953125 0.577647059375 0.76015625 0.589803921875 0.748828125 0.6050980390625 0.7453125 0.6325490203124999 0.751953125 0.6619607843749999 0.7609375 0.677647059375 0.774609375 0.6909803921875
0 0.8890625 0.681568628125 0.875390625 0.702352940625 0.871875 0.721960784375 0.8765625 0.73960784375 0.889453125 0.7568627453125 0.9234375 0.770196078125 0.951953125 0.7686274515625 0.952734375 0.758039215625 0.962109375 0.730196078125 0.97421875 0.6988235296875 0.973046875 0.6894117640624999 0.971484375 0.682352940625 0.958984375 0.665882353125 0.9484375 0.6674509796875 0.93125 0.6792156859375 0.91328125 0.684313725 0.89375 0.673725490625 0.8890625 0.681568628125
0 0.812890625 0.7356862750000001 0.816015625 0.7631372546875 0.817578125 0.793725490625 0.8171875 0.825882353125 0.825 0.8317647062500001 0.866796875 0.8290196078125 0.898046875 0.8145098046875001 0.913671875 0.801568628125 0.91875 0.7925490203125001 0.922265625 0.7733333328125 0.921484375 0.7690196078125 0.90078125 0.76 0.889453125 0.7533333328125 0.878515625 0.7431372546875 0.872265625 0.7333333328125 0.86640625 0.72823529375 0.8515625 0.7250980390625 0.81484375 0.7290196078125 0.812890625 0.7356862750000001
0 0.67109375 0.76823529375 0.645703125 0.7815686281249999 0.63828125 0.8125490203125001 0.645703125 0.8337254906249999 0.67421875 0.8658823531250001 0.7 0.874117646875 0.728515625 0.8698039218750001 0.755859375 0.8533333328125 0.762890625 0.838431371875 0.761328125 0.814117646875 0.748828125 0.7870588234375 0.73046875 0.7674509796875 0.705859375 0.7607843140624999 0.67109375 0.76823529375
0 0.892578125 1 0.899609375 0.9733333328124999 0.90078125 0.9545098046874999 0.901171875 0.9419607843750001 0.894921875 0.922352940625 0.87578125 0.9066666671875 0.834765625 0.898039215625 0.827734375 0.9 0.80234375 0.9168627453125 0.79453125 0.9317647062500001 0.790234375 0.9427450984375 0.784765625 0.9690196078125 0.7890625 0.9968627453125001 0.7890625 1 0.890625 1 0.892578125 1
0 0.937109375 0.8290196078125 0.934765625 0.858431371875 0.93671875 0.8800000000000001 0.9484375 0.901960784375 0.97890625 0.9270588234374999 0.99765625 0.9352941171875001 1 0.7905882359375 0.990234375 0.7894117640625 0.964453125 0.7874509796875 0.9421875 0.8074509796875 0.937109375 0.8290196078125
0 0.615625 0.546274509375 0.651171875 0.55176470625 0.675 0.54 0.694921875 0.525882353125 0.70546875 0.5090196078125 0.714453125 0.4850980390625 0.712890625 0.481960784375 0.693359375 0.46509803906249997 0.67265625 0.4450980390625 0.656640625 0.40980392187500003 0.631640625 0.397647059375 0.611328125 0.4227450984375 0.596875 0.4588235296875 0.58984375 0.4949019609375 0.5921875 0.515686275 0.615625 0.546274509375
0 0.766015625 0.4588235296875 0.775 0.43960784375 0.784375 0.42117647031249994 0.79375 0.3945098046875 0.781640625 0.3607843140625 0.764453125 0.337647059375 0.665234375 0.3894117640625 0.66953125 0.418431371875 0.67890625 0.4407843140625 0.70546875 0.474117646875 0.728515625 0.4894117640625 0.75078125 0.48745097968750006 0.75625 0.481960784375 0.766015625 0.4588235296875
0 0.5 0.5298039218749999 0.487109375 0.558039215625 0.499609375 0.5835294125 0.495703125 0.6074509796875 0.485546875 0.645882353125 0.494921875 0.6666666671875 0.50625 0.6670588234375 0.53046875 0.66039215625 0.5453125 0.6447058828125 0.57265625 0.6125490203124999 0.5765625 0.6031372546875 0.5921875 0.561960784375 0.580859375 0.5321568625 0.554296875 0.5164705875 0.520703125 0.51607843125 0.5 0.5298039218749999
0 0.5578125 0.7070588234375 0.51171875 0.7 0.490625 0.710196078125 0.474609375 0.749803921875 0.475390625 0.7647058828125 0.487890625 0.7909803921874999 0.5 0.8050980390625 0.519140625 0.8231372546875001 0.54765625 0.824313725 0.576953125 0.8082352937499999 0.591015625 0.7835294125 0.596484375 0.7643137249999999 0.591796875 0.7321568625 0.5578125 0.7070588234375
0 0.533984375 0.894117646875 0.546484375 0.9078431374999999 0.556640625 0.9199999999999999 0.57265625 0.9372549015624999 0.577734375 0.9478431374999999 0.591796875 0.9454901953125001 0.614453125 0.9290196078124999 0.623046875 0.9074509796875001 0.628515625 0.8843137249999999 0.628125 0.8650980390624999 0.6234375 0.8388235296875 0.61171875 0.8188235296874999 0.59296875 0.8011764703124999 0.580859375 0.8007843140625001 0.566796875 0.8168627453124999 0.54765625 0.824313725 0.52890625 0.825882353125 0.5171875 0.825882353125 0.512890625 0.8435294125 0.51015625 0.8694117640625001 0.516796875 0.8831372546875 0.533984375 0.894117646875
0 0.563671875 1 0.576171875 0.9835294125 0.577734375 0.9568627453125 0.574609375 0.9388235296874999 0.563671875 0.9266666671875001 0.54453125 0.9074509796875001 0.52421875 0.8850980390625001 0.505078125 0.8780392156250001 0.475 0.8788235296875 0.460546875 0.8945098046875 0.457421875 0.906274509375 0.4546875 0.9317647062500001 0.4578125 0.953725490625 0.46640625 0.9768627453125 0.4859375 1 0.563671875 1
0 0.478125 0.7811764703125 0.470703125 0.753725490625 0.462109375 0.74 0.446875 0.741960784375 0.4015625 0.7529411765625 0.392578125 0.7788235296875 0.3875 0.8094117640625 0.395703125 0.8345098046875 0.40703125 0.855686275 0.426171875 0.8721568625 0.44296875 0.8819607843749999 0.46484375 0.8764705875000001 0.492578125 0.858039215625 0.505078125 0.834117646875 0.50703125 0.8133333328125 0.478125 0.7811764703125
0 0.519921875 0.7007843140625 0.553515625 0.7054901953125 0.570703125 0.7164705875 0.596875 0.730196078125 0.603125 0.7211764703125 0.615625 0.695686275 0.617578125 0.6627450984375 0.601953125 0.62823529375 0.580859375 0.610196078125 0.576171875 0.6121568625 0.55703125 0.6356862750000001 0.536328125 0.6552941171875 0.52421875 0.664313725 0.506640625 0.6694117640624999 0.49375 0.67960784375 0.503125 0.698431371875 0.519921875 0.7007843140625
0 0.38984375 0.5650980390625 0.37890625 0.604313725 0.37890625 0.6309803921875 0.4015625 0.655686275 0.430859375 0.6654901953125 0.469140625 0.6721568625 0.4703125 0.6749019609375 0.47890625 0.6627450984375 0.5 0.6086274515625 0.500390625 0.581960784375 0.484375 0.5592156859374999 0.465625 0.5435294125000001 0.453515625 0.54392156875 0.433203125 0.5568627453125 0.409765625 0.5572549015625 0.38984375 0.5650980390625
0 0.740234375 0.778039215625 0.755078125 0.798039215625 0.764453125 0.824313725 0.7671875 0.8419607843750001 0.7859375 0.8443137249999999 0.802734375 0.834117646875 0.816015625 0.8235294124999999 0.8125 0.7270588234375001 0.8046875 0.7098039218750001 0.784375 0.702352940625 0.756640625 0.705882353125 0.72265625 0.7329411765625 0.724609375 0.76039215625 0.740234375 0.778039215625
0 1 0.2650980390625 0.9734375 0.2478431375 0.9390625 0.245882353125 0.90234375 0.262352940625 0.8921875 0.27450980468749997 0.884375 0.304313725 0.896875 0.3345098046875 0.919921875 0.3564705875 0.947265625 0.3811764703125 0.947265625 0.37960784375 0.9515625 0.3650980390625 0.965234375 0.3450980390625 0.98203125 0.3325490203125 0.994921875 0.33137254843749997 1 0.3329411765625 1 0.2650980390625
1 0.9111328125 0.43137254843750006 0.939453125 0.4068627453125 0.94140625 0.40098039218750003 0.94140625 0.3852941171875 0.935546875 0.3735294125 0.912109375 0.351960784375 0.8935546875 0.3529411765625 0.876953125 0.36960784375 0.869140625 0.38725490156250003 0.8671875 0.4088235296875 0.87109375 0.4205882359375 0.8876953125 0.4352941171875 0.9013671875 0.4352941171875 0.9111328125 0.43137254843750006
1 0.6982421875 0.7568627453125 0.70703125 0.75 0.70703125 0.734313725 0.6904296875 0.715686275 0.6787109375 0.7098039218750001 0.654296875 0.7049019609375 0.6455078125 0.70392156875 0.6298828125 0.71176470625 0.6181640625 0.713725490625 0.6103515625 0.7176470593750001 0.60546875 0.7245098046875 0.60546875 0.73039215625 0.619140625 0.7578431375 0.6318359375 0.7725490203125001 0.6533203125 0.7745098046875001 0.6982421875 0.7568627453125
1 0.4365234375 0.713725490625 0.447265625 0.7029411765625 0.44921875 0.6950980390625 0.44140625 0.6735294125 0.4267578125 0.6607843140624999 0.412109375 0.655882353125 0.4013671875 0.6549019609375 0.3935546875 0.6588235296875 0.384765625 0.667647059375 0.3828125 0.6833333328125 0.390625 0.7029411765625 0.4072265625 0.71960784375 0.4169921875 0.721568628125 0.4365234375 0.713725490625