0 0.8310546875 0.083984375 0.8125 0.1005859375 0.796875 0.1298828125 0.796875 0.1611328125 0.806640625 0.1826171875 0.8251953125 0.203125 0.8564453125 0.220703125 0.888671875 0.2236328125 0.9189453125 0.220703125 0.9375 0.2060546875 0.943359375 0.1865234375 0.939453125 0.1533203125 0.916015625 0.1181640625 0.8955078125 0.1015625 0.8544921875 0.080078125 0.8310546875 0.083984375
0 0.6611328125 0.185546875 0.6435546875 0.185546875 0.6357421875 0.19140625 0.6171875 0.2119140625 0.59375 0.2490234375 0.580078125 0.2587890625 0.57421875 0.2724609375 0.576171875 0.2861328125 0.5849609375 0.298828125 0.6103515625 0.310546875 0.646484375 0.3134765625 0.6533203125 0.3125 0.666015625 0.3017578125 0.685546875 0.2744140625 0.693359375 0.2529296875 0.693359375 0.2275390625 0.689453125 0.2138671875 0.685546875 0.2060546875 0.6611328125 0.185546875
0 0.8203125 0.2744140625 0.8203125 0.3056640625 0.830078125 0.3291015625 0.8544921875 0.3515625 0.8720703125 0.361328125 0.8876953125 0.365234375 0.904296875 0.3642578125 0.9140625 0.3564453125 0.921875 0.3369140625 0.921875 0.2607421875 0.8955078125 0.234375 0.8857421875 0.23046875 0.8720703125 0.23046875 0.83203125 0.2490234375 0.8203125 0.2744140625
0 0.9013671875 0.38671875 0.87890625 0.4052734375 0.87109375 0.4248046875 0.859375 0.4404296875 0.857421875 0.4560546875 0.86328125 0.4736328125 0.8837890625 0.49609375 0.9189453125 0.517578125 0.93359375 0.5185546875 0.9716796875 0.5078125 0.984375 0.4970703125 0.994140625 0.4775390625 0.994140625 0.4560546875 0.986328125 0.4345703125 0.9462890625 0.400390625 0.9150390625 0.38671875 0.9013671875 0.38671875
0 0.8095703125 0.326171875 0.7998046875 0.330078125 0.783203125 0.3505859375 0.783203125 0.3837890625 0.7890625 0.3994140625 0.8046875 0.4208984375 0.8251953125 0.44140625 0.8388671875 0.447265625 0.84375 0.4462890625 0.85546875 0.4384765625 0.875 0.4111328125 0.875 0.3798828125 0.87109375 0.3701171875 0.8583984375 0.357421875 0.8369140625 0.34375 0.8251953125 0.328125 0.8095703125 0.326171875
0 0.6748046875 0.38671875 0.6474609375 0.38671875 0.6162109375 0.400390625 0.599609375 0.4189453125 0.58984375 0.4482421875 0.58984375 0.4736328125 0.6015625 0.4990234375 0.6123046875 0.509765625 0.6220703125 0.513671875 0.65625 0.5146484375 0.6787109375 0.51171875 0.6943359375 0.50390625 0.7109375 0.4853515625 0.716796875 0.4677734375 0.716796875 0.4423828125 0.7109375 0.4189453125 0.6884765625 0.39453125 0.6748046875 0.38671875
0 1 0.5380859375 0.9814453125 0.5234375 0.9677734375 0.5234375 0.9501953125 0.537109375 0.9267578125 0.541015625 0.912109375 0.5556640625 0.904296875 0.5771484375 0.90625 0.6044921875 0.916015625 0.6298828125 0.9296875 0.6494140625 0.9482421875 0.662109375 0.966796875 0.6611328125 0.9853515625 0.650390625 1 0.6318359375 1 0.5380859375
0 0.4248046875 0.65234375 0.3955078125 0.658203125 0.3828125 0.6708984375 0.373046875 0.7001953125 0.373046875 0.7275390625 0.380859375 0.7470703125 0.39453125 0.7666015625 0.4130859375 0.783203125 0.4345703125 0.794921875 0.4599609375 0.802734375 0.46875 0.8017578125 0.4775390625 0.798828125 0.5 0.7783203125 0.509765625 0.7587890625 0.513671875 0.7294921875 0.5 0.6923828125 0.4794921875 0.669921875 0.4521484375 0.65234375 0.4248046875 0.65234375
0 0.4501953125 0.81640625 0.4150390625 0.814453125 0.39453125 0.8291015625 0.3828125 0.8486328125 0.375 0.8779296875 0.376953125 0.9091796875 0.390625 0.9306640625 0.400390625 0.9638671875 0.4091796875 0.97265625 0.4326171875 0.986328125 0.46875 0.9853515625 0.4814453125 0.982421875 0.4921875 0.9716796875 0.501953125 0.9462890625 0.50390625 0.9033203125 0.498046875 0.8798828125 0.486328125 0.8525390625 0.4677734375 0.826171875 0.4501953125 0.81640625
0 0.505859375 0.9755859375 0.5107421875 1 0.65234375 0.9990234375 0.6484375 0.9794921875 0.638671875 0.9619140625 0.6142578125 0.94140625 0.5908203125 0.93359375 0.5576171875 0.93359375 0.5439453125 0.9375 0.5205078125 0.953125 0.505859375 0.9755859375
0 0.412109375 0.9990234375 0.40625 0.9873046875 0.3916015625 0.97265625 0.3701171875 0.96484375 0.3564453125 0.96484375 0.3310546875 0.97265625 0.3154296875 0.982421875 0.30078125 0.9990234375 0.412109375 0.9990234375
0 0.297265625 1 0.302734375 0.995703125 0.315234375 0.980078125 0.346484375 0.966015625 0.36171875 0.9625 0.3890625 0.969140625 0.387890625 0.9609375 0.380078125 0.92890625 0.365625 0.90859375 0.34140625 0.900390625 0.303515625 0.89921875 0.271875 0.911328125 0.2484375 0.929296875 0.2390625 0.952734375 0.242578125 0.9875 0.251953125 1 0.297265625 1
0 0.32421875 0.892578125 0.321875 0.882421875 0.31875 0.862890625 0.304296875 0.845703125 0.27578125 0.83125 0.228125 0.923828125 0.2421875 0.9375 0.2578125 0.918359375 0.2765625 0.908984375 0.2953125 0.90078125 0.325 0.896875 0.32421875 0.892578125
0 0.9390625 0.92421875 0.95234375 0.93515625 0.973828125 0.94609375 1 0.946484375 0.999609375 0.809765625 0.987890625 0.80234375 0.962890625 0.801953125 0.93671875 0.81171875 0.921875 0.829296875 0.917578125 0.8578125 0.9203125 0.88671875 0.930078125 0.911328125 0.9390625 0.92421875
0 0.871875 0.72109375 0.8921875 0.697265625 0.890625 0.657421875 0.882421875 0.63203125 0.858984375 0.6140625 0.8328125 0.59296875 0.80859375 0.581640625 0.783203125 0.579296875 0.7515625 0.589453125 0.73046875 0.605078125 0.730078125 0.611328125 0.732421875 0.64140625 0.741796875 0.666796875 0.76328125 0.68203125 0.786328125 0.68828125 0.809375 0.706640625 0.822265625 0.7203125 0.844921875 0.72578125 0.871875 0.72109375
0 0.9046875 0.591796875 0.9046875 0.57578125 0.9125 0.55390625 0.926953125 0.53828125 0.935546875 0.526953125 0.9140625 0.51640625 0.88671875 0.5 0.868359375 0.480859375 0.853515625 0.47890625 0.816015625 0.4984375 0.798828125 0.51171875 0.791796875 0.540234375 0.801171875 0.56875 0.809375 0.58125 0.836328125 0.5921875 0.86015625 0.6125 0.888671875 0.615625 0.905859375 0.611328125 0.9046875 0.591796875
0 0.921875 0.3546875 0.95078125 0.366796875 0.980078125 0.360546875 0.99921875 0.351171875 1 0.24765625 0.994921875 0.237109375 0.966796875 0.23203125 0.944140625 0.237890625 0.92578125 0.246484375 0.921875 0.248046875 0.921875 0.2578125 0.9234375 0.28046875 0.923046875 0.298828125 0.923046875 0.318359375 0.9203125 0.337890625 0.921875 0.3546875
0 0.719921875 0.848046875 0.726953125 0.873828125 0.75078125 0.902734375 0.784765625 0.9171875 0.810546875 0.91484375 0.844140625 0.898046875 0.861328125 0.883203125 0.863671875 0.8640625 0.853125 0.836328125 0.840234375 0.800390625 0.8375 0.8 0.8203125 0.798828125 0.795703125 0.8015625 0.780078125 0.807421875 0.747265625 0.812890625 0.7453125 0.812890625 0.730859375 0.81796875 0.72265625 0.829296875 0.719921875 0.848046875
0 0.85 0.822265625 0.858203125 0.8453125 0.863671875 0.8625 0.877734375 0.8734375 0.89921875 0.875 0.916015625 0.87265625 0.9171875 0.854296875 0.92109375 0.835546875 0.928125 0.81953125 0.939453125 0.80859375 0.964453125 0.8015625 0.963671875 0.790625 0.954296875 0.758984375 0.94296875 0.72890625 0.912890625 0.705859375 0.90625 0.703125 0.88046875 0.71328125 0.86328125 0.7234375 0.844140625 0.745703125 0.837109375 0.778125 0.840234375 0.797265625 0.85 0.822265625
0 0.752734375 0.9203125 0.71953125 0.9359375 0.703125 0.95546875 0.698046875 0.983203125 0.6984375 0.9984375 0.828125 1 0.815625 0.984375 0.80859375 0.95859375 0.814453125 0.937109375 0.812109375 0.9265625 0.788671875 0.91953125 0.752734375 0.9203125
0 0.912109375 1 0.91328125 0.9921875 0.93203125 0.973046875 0.93203125 0.96796875 0.9265625 0.94296875 0.9171875 0.919921875 0.90234375 0.903125 0.8734375 0.889453125 0.853515625 0.891796875 0.81796875 0.91015625 0.81640625 0.923828125 0.809375 0.954296875 0.809765625 0.97265625 0.82109375 0.99140625 0.83203125 1 0.912109375 1
1 0.720703125 0.7529296875 0.720703125 0.7880859375 0.728515625 0.8037109375 0.7333984375 0.80859375 0.7578125 0.8076171875 0.7958984375 0.80078125 0.802734375 0.7958984375 0.80078125 0.7802734375 0.7783203125 0.76171875 0.7548828125 0.75390625 0.7412109375 0.744140625 0.7255859375 0.74609375 0.720703125 0.7529296875
1 0.74609375 0.6884765625 0.744140625 0.7099609375 0.7607421875 0.728515625 0.7802734375 0.7421875 0.806640625 0.7412109375 0.8125 0.7294921875 0.8125 0.7216796875 0.8046875 0.7041015625 0.7900390625 0.689453125 0.7666015625 0.6796875 0.7607421875 0.6796875 0.7548828125 0.685546875 0.74609375 0.6884765625
1 0.697265625 0.5283203125 0.6826171875 0.513671875 0.6396484375 0.517578125 0.6328125 0.5224609375 0.62890625 0.5380859375 0.63671875 0.5732421875 0.65625 0.6103515625 0.6689453125 0.62109375 0.677734375 0.6201171875 0.712890625 0.6064453125 0.712890625 0.6005859375 0.72265625 0.5849609375 0.724609375 0.5595703125 0.7197265625 0.552734375 0.7060546875 0.548828125 0.701171875 0.5439453125 0.697265625 0.5283203125
1 0.7265625 0.4287109375 0.7265625 0.4423828125 0.732421875 0.4658203125 0.7646484375 0.48828125 0.7783203125 0.4921875 0.79296875 0.4912109375 0.802734375 0.4853515625 0.80859375 0.4677734375 0.80859375 0.4482421875 0.802734375 0.4384765625 0.7744140625 0.412109375 0.7607421875 0.408203125 0.7431640625 0.41015625 0.7265625 0.4287109375
1 1 0.3701171875 0.9873046875 0.36328125 0.9580078125 0.36328125 0.947265625 0.3759765625 0.947265625 0.3896484375 0.953125 0.4013671875 0.9736328125 0.419921875 0.9853515625 0.42578125 0.990234375 0.4248046875 1 0.4228515625 1 0.3701171875
1 0.7724609375 0.044921875 0.7421875 0.0751953125 0.73828125 0.0908203125 0.7646484375 0.115234375 0.7802734375 0.123046875 0.791015625 0.1220703125 0.8046875 0.1103515625 0.8125 0.0947265625 0.814453125 0.0810546875 0.8125 0.0634765625 0.80859375 0.0556640625 0.7978515625 0.044921875 0.7822265625 0.041015625 0.7724609375 0.044921875