0 0.185546875 0.9990196078125001 0.18359375 0.9872549015625 0.1669921875 0.9745098046875 0.1533203125 0.9588235296875001 0.1298828125 0.9490196078125 0.109375 0.9460784312499999 0.0888671875 0.9470588234375 0.0654296875 0.9607843140625001 0.05078125 0.9833333328125 0.05078125 0.9990196078125001 0.185546875 0.9990196078125001
0 0.1591796875 0.8568627453125 0.166015625 0.85 0.166015625 0.832352940625 0.1474609375 0.794117646875 0.1337890625 0.786274509375 0.0703125 0.767647059375 0.0615234375 0.7666666671875 0.03515625 0.7911764703124999 0.025390625 0.8147058828124999 0.025390625 0.836274509375 0.029296875 0.85 0.0458984375 0.8725490203125 0.0673828125 0.8843137249999999 0.0986328125 0.886274509375 0.1181640625 0.8784313718750001 0.1455078125 0.8588235296875 0.1591796875 0.8568627453125
0 0.3857421875 0.798039215625 0.412109375 0.7421568625 0.412109375 0.7186274515625 0.4072265625 0.713725490625 0.3740234375 0.715686275 0.35546875 0.7068627453125 0.3427734375 0.705882353125 0.3310546875 0.713725490625 0.314453125 0.734313725 0.30859375 0.75 0.306640625 0.7735294125000001 0.310546875 0.7872549015625 0.3271484375 0.8058823531250001 0.3388671875 0.81176470625 0.3583984375 0.81176470625 0.3857421875 0.798039215625
0 0.2900390625 0.7294117640625 0.306640625 0.7107843140625 0.310546875 0.6813725484375001 0.306640625 0.667647059375 0.2705078125 0.6294117640625 0.240234375 0.6225490203125 0.2294921875 0.621568628125 0.2138671875 0.6254901953124999 0.197265625 0.6441176468750001 0.189453125 0.663725490625 0.189453125 0.6872549015625 0.193359375 0.6990196078124999 0.2080078125 0.71960784375 0.2236328125 0.7294117640625 0.2451171875 0.7372549015625001 0.2802734375 0.7352941171875 0.2900390625 0.7294117640625
0 0.439453125 0.6421568625 0.439453125 0.6088235296875 0.43359375 0.5931372546875 0.4208984375 0.5803921562500001 0.4013671875 0.5686274515624999 0.3828125 0.567647059375 0.3720703125 0.5686274515624999 0.3427734375 0.590196078125 0.328125 0.6088235296875 0.318359375 0.63039215625 0.318359375 0.65 0.326171875 0.6735294125 0.3583984375 0.70392156875 0.3779296875 0.71176470625 0.4033203125 0.70392156875 0.42578125 0.6833333328125 0.439453125 0.6421568625
0 0.3095703125 0.6254901953124999 0.33203125 0.5970588234374999 0.330078125 0.55392156875 0.32421875 0.528431371875 0.3125 0.5068627453125 0.294921875 0.49509803906250005 0.2880859375 0.49411764687500004 0.28515625 0.49705882343749996 0.27734375 0.5186274515625 0.2666015625 0.5294117640625 0.2490234375 0.5372549015625 0.2392578125 0.5372549015625 0.234375 0.5421568625 0.234375 0.5794117640625001 0.244140625 0.6068627453125 0.2587890625 0.621568628125 0.2783203125 0.6294117640625 0.3017578125 0.6294117640625 0.3095703125 0.6254901953124999
0 0.283203125 0.49705882343749996 0.28515625 0.4774509796875 0.27734375 0.45 0.265625 0.434313725 0.2509765625 0.42352941250000004 0.23046875 0.4166666671875 0.2099609375 0.417647059375 0.193359375 0.428431371875 0.1796875 0.45 0.177734375 0.4852941171875 0.185546875 0.5107843140624999 0.2001953125 0.5254901953125 0.2216796875 0.5352941171875 0.2392578125 0.5372549015625 0.2548828125 0.5333333328125 0.2734375 0.5205882359375 0.283203125 0.49705882343749996
0 0.4140625 0.55 0.421875 0.534313725 0.421875 0.5225490203125001 0.41015625 0.4794117640625 0.3955078125 0.4647058828125 0.375 0.45392156874999995 0.3642578125 0.45294117656250005 0.3505859375 0.4627450984375 0.3349609375 0.46666666718750005 0.32421875 0.4774509796875 0.3203125 0.48921568593750003 0.3203125 0.5068627453125 0.33203125 0.536274509375 0.3466796875 0.5549019609375 0.3642578125 0.5647058828125 0.3955078125 0.5666666671875 0.4140625 0.55
0 0.529296875 0.544117646875 0.546875 0.5147058828125 0.55078125 0.49705882343749996 0.546875 0.4774509796875 0.525390625 0.444117646875 0.51171875 0.436274509375 0.4912109375 0.4352941171875 0.4658203125 0.4568627453125 0.4521484375 0.4627450984375 0.4306640625 0.4647058828125 0.41796875 0.4774509796875 0.41796875 0.49705882343749996 0.423828125 0.5205882359375 0.43359375 0.528431371875 0.4453125 0.563725490625 0.4560546875 0.5745098046875 0.4658203125 0.5705882359375 0.4931640625 0.5705882359375 0.5009765625 0.5666666671875 0.529296875 0.544117646875
0 0.48828125 0.4264705875 0.48828125 0.4186274515625 0.462890625 0.3931372546875 0.45703125 0.3794117640625 0.453125 0.355882353125 0.447265625 0.351960784375 0.4326171875 0.3509803921875 0.4013671875 0.36666666718749996 0.390625 0.3794117640625 0.380859375 0.40294117656250006 0.3828125 0.4264705875 0.390625 0.44215686249999997 0.4208984375 0.4607843140625 0.4560546875 0.4588235296875 0.4765625 0.444117646875 0.48828125 0.4264705875
0 0.556640625 0.40294117656250006 0.560546875 0.39509803906249996 0.560546875 0.363725490625 0.544921875 0.3264705875 0.5224609375 0.305882353125 0.5078125 0.3009803921875 0.4814453125 0.30196078437499996 0.466796875 0.3147058828125 0.45703125 0.344117646875 0.458984375 0.3754901953125 0.46484375 0.39117647031249997 0.4951171875 0.41960784375 0.5341796875 0.421568628125 0.556640625 0.40294117656250006
0 0.462890625 0.2872549015625 0.453125 0.25588235312499996 0.4462890625 0.2490196078125 0.4150390625 0.2509803921875 0.4013671875 0.24705882343750002 0.37109375 0.22450980468749998 0.3564453125 0.22941176406250002 0.341796875 0.25 0.341796875 0.2813725484375 0.345703125 0.2950980390625 0.353515625 0.3068627453125 0.3701171875 0.3254901953125 0.3974609375 0.33725490156250004 0.4267578125 0.3352941171875 0.4443359375 0.3274509796875 0.458984375 0.30882352968750004 0.462890625 0.2872549015625
0 0.484375 0.2107843140625 0.484375 0.2029411765625 0.453125 0.1754901953125 0.4453125 0.159803921875 0.44140625 0.14215686249999998 0.435546875 0.13627450937500002 0.4189453125 0.1352941171875 0.4072265625 0.1392156859375 0.3916015625 0.1490196078125 0.37109375 0.171568628125 0.37109375 0.1990196078125 0.380859375 0.228431371875 0.4052734375 0.2450980390625 0.4228515625 0.2490196078125 0.4423828125 0.24705882343750002 0.4619140625 0.2372549015625 0.478515625 0.2225490203125 0.484375 0.2107843140625
0 0.5703125 0.1735294125 0.57421875 0.165686275 0.57421875 0.14607843125 0.5703125 0.13823529375000002 0.5537109375 0.11960784375 0.529296875 0.10294117656249999 0.4951171875 0.10392156875 0.4775390625 0.10980392187500002 0.4619140625 0.11960784375 0.4453125 0.13627450937500002 0.4453125 0.1578431375 0.45703125 0.1774509796875 0.4736328125 0.194117646875 0.4892578125 0.20196078437499998 0.5322265625 0.2 0.5517578125 0.1921568625 0.5703125 0.1735294125
0 0.345703125 0.367647059375 0.3515625 0.348039215625 0.3515625 0.334313725 0.337890625 0.2970588234375 0.3193359375 0.278431371875 0.291015625 0.267647059375 0.2587890625 0.2686274515625 0.236328125 0.2813725484375 0.23046875 0.30294117656249997 0.23046875 0.328431371875 0.240234375 0.355882353125 0.2607421875 0.3764705875 0.2900390625 0.390196078125 0.3115234375 0.390196078125 0.3291015625 0.384313725 0.345703125 0.367647059375
0 0.232421875 0.267647059375 0.23828125 0.25588235312499996 0.234375 0.23039215624999998 0.2099609375 0.2078431375 0.1806640625 0.1921568625 0.169921875 0.1911764703125 0.1259765625 0.20196078437499998 0.1083984375 0.21176470625000002 0.095703125 0.22647058750000001 0.099609375 0.2421568625 0.1220703125 0.27450980468749997 0.1474609375 0.28823529375 0.1826171875 0.2921568625 0.2021484375 0.28823529375 0.2197265625 0.28039215624999997 0.232421875 0.267647059375
0 0.701171875 0.1911764703125 0.701171875 0.167647059375 0.697265625 0.1578431375 0.6806640625 0.1352941171875 0.6689453125 0.1254901953125 0.65625 0.12254902031249999 0.6416015625 0.121568628125 0.6181640625 0.1313725484375 0.599609375 0.1578431375 0.59375 0.17941176406249998 0.59375 0.1970588234375 0.603515625 0.2205882359375 0.6220703125 0.2392156859375 0.6435546875 0.24705882343750002 0.6591796875 0.24705882343750002 0.6826171875 0.23333333281250002 0.6953125 0.2147058828125 0.701171875 0.1911764703125
0 0.6640625 0.33627450937500003 0.671875 0.3147058828125 0.669921875 0.2892156859375 0.654296875 0.2578431375 0.6474609375 0.2509803921875 0.6171875 0.2421568625 0.5986328125 0.2431372546875 0.576171875 0.26176470625000003 0.56640625 0.2794117640625 0.5625 0.3049019609375 0.56640625 0.3225490203125 0.5849609375 0.3509803921875 0.6083984375 0.3647058828125 0.6357421875 0.36666666718749996 0.650390625 0.355882353125 0.6640625 0.33627450937500003
0 0.75390625 0.3931372546875 0.759765625 0.37745097968749997 0.7548828125 0.36666666718749996 0.7353515625 0.36274509843749997 0.720703125 0.351960784375 0.701171875 0.3166666671875 0.6767578125 0.317647059375 0.669921875 0.3264705875 0.6640625 0.344117646875 0.6455078125 0.3647058828125 0.63671875 0.36960784375 0.634765625 0.3754901953125 0.634765625 0.3892156859375 0.642578125 0.40490196093749997 0.6591796875 0.41960784375 0.6767578125 0.4274509796875 0.7080078125 0.4274509796875 0.7314453125 0.41960784375 0.75390625 0.3931372546875
0 0.810546875 0.33823529375 0.81640625 0.3049019609375 0.81640625 0.2931372546875 0.80859375 0.2754901953125 0.7841796875 0.24705882343750002 0.763671875 0.23823529375 0.7529296875 0.2392156859375 0.7431640625 0.2450980390625 0.716796875 0.271568628125 0.708984375 0.2852941171875 0.705078125 0.30294117656249997 0.705078125 0.3166666671875 0.716796875 0.344117646875 0.7314453125 0.35882352968750003 0.7548828125 0.36666666718749996 0.7705078125 0.36666666718749996 0.7900390625 0.35882352968750003 0.810546875 0.33823529375
0 0.96484375 0.48333333281249996 0.970703125 0.463725490625 0.970703125 0.44607843125 0.962890625 0.4225490203125 0.9462890625 0.405882353125 0.921875 0.3970588234375 0.8876953125 0.39607843125 0.8779296875 0.4 0.861328125 0.4186274515625 0.853515625 0.44019607812499995 0.85546875 0.459803921875 0.865234375 0.48333333281249996 0.8837890625 0.5 0.9072265625 0.509803921875 0.9306640625 0.509803921875 0.9560546875 0.49607843125000006 0.96484375 0.48333333281249996
0 0.90234375 0.6127450984375 0.916015625 0.5872549015625 0.916015625 0.55392156875 0.90625 0.53039215625 0.8896484375 0.515686275 0.87109375 0.5088235296875 0.8310546875 0.509803921875 0.80859375 0.5323529406249999 0.794921875 0.56176470625 0.79296875 0.5931372546875 0.798828125 0.6068627453125 0.8251953125 0.6294117640625 0.8388671875 0.6352941171875 0.8603515625 0.6372549015625 0.8896484375 0.6254901953124999 0.90234375 0.6127450984375
0 0.783203125 0.636274509375 0.78515625 0.6186274515625 0.779296875 0.5813725484375001 0.775390625 0.5735294125 0.7626953125 0.5627450984375 0.72265625 0.548039215625 0.7021484375 0.5490196078125 0.689453125 0.56176470625 0.6796875 0.5970588234374999 0.6796875 0.6166666671875001 0.689453125 0.628431371875 0.6982421875 0.6490196078125 0.7080078125 0.6509803921875 0.7236328125 0.6607843140624999 0.7294921875 0.6725490203125 0.7451171875 0.6764705875 0.7568359375 0.6725490203125 0.76953125 0.659803921875 0.783203125 0.636274509375
0 1 0.6127450984375 0.9833984375 0.598039215625 0.9619140625 0.594117646875 0.9560546875 0.58823529375 0.9375 0.5813725484375001 0.9228515625 0.584313725 0.904296875 0.6147058828125 0.8623046875 0.6470588234375 0.859375 0.655882353125 0.8779296875 0.6686274515624999 0.8974609375 0.6745098046875 0.9345703125 0.694117646875 0.9560546875 0.7 0.9736328125 0.7 0.9921875 0.6872549015625 1 0.6735294125 1 0.6127450984375
0 0.955078125 0.7539215687499999 0.95703125 0.7166666671875 0.9443359375 0.705882353125 0.9345703125 0.70392156875 0.9111328125 0.68823529375 0.87890625 0.6794117640625 0.8662109375 0.682352940625 0.853515625 0.7009803921875 0.853515625 0.759803921875 0.8779296875 0.786274509375 0.8916015625 0.7921568625 0.9130859375 0.7901960781249999 0.9208984375 0.784313725 0.9384765625 0.778431371875 0.94921875 0.767647059375 0.94921875 0.7617647062499999 0.955078125 0.7539215687499999
0 0.68359375 0.7931372546875 0.6796875 0.765686275 0.671875 0.75 0.6396484375 0.721568628125 0.6025390625 0.70392156875 0.5859375 0.7029411765625 0.5673828125 0.7078431375 0.5546875 0.732352940625 0.5546875 0.755882353125 0.572265625 0.7911764703124999 0.5908203125 0.8098039218749999 0.6123046875 0.8196078437500001 0.6416015625 0.8235294124999999 0.6591796875 0.8215686281249999 0.6689453125 0.815686275 0.6796875 0.8049019609375 0.68359375 0.7931372546875
0 0.76171875 0.9480392156249999 0.76953125 0.9303921562499999 0.76953125 0.9029411765625 0.755859375 0.8794117640625 0.7412109375 0.8647058828124999 0.716796875 0.85392156875 0.6884765625 0.8549019609374999 0.6787109375 0.8588235296875 0.66796875 0.8696078437500001 0.658203125 0.8911764703125 0.658203125 0.9166666671874999 0.66796875 0.9401960781250001 0.6865234375 0.9607843140625001 0.7119140625 0.9686274515625 0.7314453125 0.9686274515625 0.7509765625 0.9607843140625001 0.76171875 0.9480392156249999
0 0.8935546875 1 0.896484375 0.9970588234375001 0.896484375 0.9794117640625 0.892578125 0.9696078437500001 0.8740234375 0.9509803921875 0.857421875 0.9441176468749999 0.8310546875 0.9431372546875 0.8154296875 0.9470588234375 0.8056640625 0.9529411765625 0.78515625 0.9715686281249999 0.775390625 0.9950980390625 0.77734375 0.9990196078125001 0.8935546875 1
0 0.6904296875 1 0.693359375 0.9970588234375001 0.693359375 0.9852941171875 0.689453125 0.9774509796874999 0.6748046875 0.9607843140625001 0.654296875 0.95 0.6298828125 0.9490196078125 0.6044921875 0.9607843140625001 0.5859375 0.9774509796874999 0.578125 0.9911764703125 0.578125 0.9970588234375001 0.5810546875 1 0.6904296875 1
1 0.5361328125 0.8588235296875 0.55078125 0.8441176468749999 0.556640625 0.832352940625 0.552734375 0.8166666671874999 0.5419921875 0.8058823531250001 0.529296875 0.8009803921875 0.5107421875 0.8019607843750001 0.4921875 0.8245098046875 0.48828125 0.836274509375 0.48828125 0.85 0.4921875 0.859803921875 0.5029296875 0.8666666671875 0.5224609375 0.8666666671875 0.5361328125 0.8588235296875
0 0.5556640625 1 0.5693359375 0.9921568625000001 0.58203125 0.9794117640625 0.583984375 0.9421568625000001 0.57421875 0.9186274515624999 0.5595703125 0.9039215687500001 0.537109375 0.8950980390625001 0.5068359375 0.89607843125 0.4931640625 0.9039215687500001 0.474609375 0.9245098046875 0.46875 0.9401960781250001 0.46875 0.9735294124999999 0.47265625 0.9852941171875 0.4814453125 0.99607843125 0.4892578125 1 0.5556640625 1
1 0.8310546875 0.8921568625 0.849609375 0.8774509796875 0.853515625 0.8696078437500001 0.853515625 0.8421568625000001 0.8388671875 0.8294117640625001 0.80859375 0.8186274515624999 0.8037109375 0.817647059375 0.7822265625 0.8313725484375001 0.779296875 0.836274509375 0.779296875 0.8794117640625 0.7861328125 0.886274509375 0.8017578125 0.8921568625 0.8310546875 0.8921568625
1 0.7919921875 0.7901960781249999 0.810546875 0.76960784375 0.8125 0.755882353125 0.8046875 0.740196078125 0.7939453125 0.7294117640625 0.78125 0.7245098046875 0.7646484375 0.7235294125 0.7451171875 0.7294117640625 0.7333984375 0.7372549015625001 0.720703125 0.751960784375 0.72265625 0.7872549015625 0.7314453125 0.8078431374999999 0.7529296875 0.8098039218749999 0.7666015625 0.8 0.7724609375 0.8 0.7919921875 0.7901960781249999
1 0.72265625 0.6872549015625 0.72265625 0.6774509796875 0.71484375 0.659803921875 0.697265625 0.648039215625 0.6875 0.6264705875 0.67578125 0.6127450984375 0.6611328125 0.61176470625 0.65234375 0.6186274515625 0.642578125 0.6343137249999999 0.638671875 0.6578431375 0.65234375 0.6872549015625 0.6689453125 0.70392156875 0.6845703125 0.7078431375 0.7001953125 0.6980392156249999 0.7138671875 0.69607843125 0.72265625 0.6872549015625
1 0.94921875 0.836274509375 0.94921875 0.85 0.955078125 0.859803921875 0.9931640625 0.8843137249999999 1 0.8833333328125 0.998046875 0.8029411765625 0.9716796875 0.8019607843750001 0.955078125 0.8225490203125 0.94921875 0.836274509375
1 0.1650390625 0.9352941171875001 0.173828125 0.9264705875000001 0.1796875 0.9107843140625 0.1796875 0.8911764703125 0.1630859375 0.8705882359375 0.15625 0.8676470593750001 0.1435546875 0.8705882359375 0.130859375 0.8833333328125 0.125 0.8950980390625001 0.126953125 0.9107843140625 0.134765625 0.932352940625 0.1474609375 0.9392156859374999 0.1572265625 0.9392156859374999 0.1650390625 0.9352941171875001
1 0.2978515625 0.8411764703125 0.310546875 0.8264705875 0.3125 0.8107843140625001 0.30859375 0.8009803921875 0.2900390625 0.786274509375 0.279296875 0.7833333328125 0.2626953125 0.786274509375 0.236328125 0.8088235296875 0.234375 0.836274509375 0.23828125 0.8441176468749999 0.2490234375 0.8529411765624999 0.2744140625 0.8529411765624999 0.2978515625 0.8411764703125
1 0 0.648039215625 0.0009765625 0.713725490625 0.0244140625 0.7078431375 0.041015625 0.6892156859375 0.0390625 0.663725490625 0.021484375 0.6460784312500001 0.0048828125 0.6450980390625001 0 0.648039215625
1 0.1787109375 0.5117647062499999 0.181640625 0.5068627453125 0.177734375 0.48921568593750003 0.177734375 0.45196078437500004 0.185546875 0.436274509375 0.181640625 0.42450980468750005 0.1376953125 0.4254901953125 0.1201171875 0.43333333281249997 0.1044921875 0.43333333281249997 0.09765625 0.444117646875 0.095703125 0.463725490625 0.095703125 0.4735294125 0.1015625 0.4852941171875 0.1455078125 0.509803921875 0.1689453125 0.515686275 0.1787109375 0.5117647062499999
1 0.1708984375 0.3745098046875 0.1904296875 0.3686274515625 0.19921875 0.35392156875 0.19921875 0.3264705875 0.1826171875 0.30784313750000003 0.16796875 0.30294117656249997 0.1494140625 0.30196078437499996 0.1416015625 0.30784313750000003 0.126953125 0.334313725 0.126953125 0.35 0.130859375 0.3578431375 0.1435546875 0.3686274515625 0.1591796875 0.3745098046875 0.1708984375 0.3745098046875
1 0.0419921875 0.3294117640625 0.05859375 0.2990196078125 0.05859375 0.2872549015625 0.0498046875 0.27647058750000003 0.0302734375 0.2627450984375 0.013671875 0.25588235312499996 0 0.25588235312499996 0.0009765625 0.3352941171875 0.0419921875 0.3294117640625
0 0.921875 0.25 0.92578125 0.22450980468749998 0.919921875 0.2088235296875 0.9013671875 0.184313725 0.8798828125 0.1705882359375 0.859375 0.165686275 0.8310546875 0.1666666671875 0.814453125 0.17941176406249998 0.80078125 0.244117646875 0.814453125 0.267647059375 0.8310546875 0.28431372499999996 0.8583984375 0.298039215625 0.8779296875 0.298039215625 0.8916015625 0.294117646875 0.900390625 0.2833333328125 0.904296875 0.271568628125 0.921875 0.25
0 1 0.1892156859375 0.9951171875 0.18823529375 0.9873046875 0.194117646875 0.9658203125 0.2 0.9423828125 0.21176470625000002 0.9296875 0.22450980468749998 0.9165790625 0.2718904859375 0.921875 0.30294117656249997 0.9306640625 0.313725490625 0.9482421875 0.3254901953125 0.9755859375 0.3254901953125 1 0.3127450984375 1 0.1892156859375
1 0.46875 0.8009803921875 0.47265625 0.7872549015625 0.4609375 0.751960784375 0.4453125 0.736274509375 0.439453125 0.7205882359375 0.427734375 0.7127450984375 0.4169921875 0.71176470625 0.4140625 0.7147058828125 0.4140625 0.7382352937500001 0.396484375 0.7754901953125 0.392578125 0.7911764703124999 0.39453125 0.8009803921875 0.4052734375 0.81176470625 0.4189453125 0.817647059375 0.4501953125 0.813725490625 0.4599609375 0.8098039218749999 0.46875 0.8009803921875