0 0.3149606296875 0.0380859375 0.3228346453125 0.0556640625 0.34744094531249997 0.07421875 0.361220471875 0.078125 0.37795275625 0.0771484375 0.39468503906249996 0.07421875 0.4104330703125 0.06640625 0.4291338578125 0.0478515625 0.4370078734375 0.0302734375 0.43503937031250006 0.0009765625 0.31791338593749996 0 0.3149606296875 0.0068359375 0.3149606296875 0.0380859375
0 0.5187007875 0 0.51574803125 0.0068359375 0.5177165359375 0.0341796875 0.5314960625 0.0595703125 0.5541338578125 0.078125 0.57185039375 0.083984375 0.5816929140625 0.091796875 0.592519684375 0.0908203125 0.6230314953125 0.08203125 0.6397637796875 0.0693359375 0.6496062984375001 0.0439453125 0.6476377953125 0.0068359375 0.64074803125 0 0.5187007875 0
0 0.17814960625 0.173828125 0.1633858265625 0.1865234375 0.157480315625 0.2021484375 0.1555118109375 0.2353515625 0.15944881875 0.2470703125 0.170275590625 0.2578125 0.186023621875 0.263671875 0.21161417343750002 0.267578125 0.236220471875 0.2666015625 0.25688976406249997 0.255859375 0.2854330703125 0.2177734375 0.28740157499999996 0.1982421875 0.2814960625 0.1865234375 0.270669290625 0.17578125 0.2411417328125 0.1640625 0.2057086609375 0.1640625 0.17814960625 0.173828125
0 0.3336614171875 0.291015625 0.3021653546875 0.298828125 0.2755905515625 0.3193359375 0.26574803125 0.3388671875 0.26574803125 0.3564453125 0.27165354375 0.3681640625 0.2942913390625 0.384765625 0.31200787343749997 0.388671875 0.33464566875 0.3876953125 0.35334645625 0.38671875 0.3730314953125 0.37890625 0.3848425203125 0.37109375 0.407480315625 0.3466796875 0.40944881874999994 0.3212890625 0.398622046875 0.30078125 0.367125984375 0.2890625 0.3336614171875 0.291015625
0 0.5167322828125 0.255859375 0.48720472499999995 0.255859375 0.46555118125000006 0.265625 0.45275590625 0.2783203125 0.4448818890625 0.2939453125 0.44291338593749996 0.3154296875 0.45275590625 0.3408203125 0.47342519687499995 0.365234375 0.48720472499999995 0.373046875 0.5118110234375 0.3720703125 0.526574803125 0.369140625 0.5433070859375 0.3583984375 0.5413385828124999 0.3154296875 0.551181103125 0.2900390625 0.551181103125 0.2802734375 0.5383858265625 0.265625 0.5285433078125 0.259765625 0.5167322828125 0.255859375
0 0.2253937015625 0.67578125 0.21850393750000002 0.6826171875 0.2086614171875 0.7021484375 0.2066929140625 0.7431640625 0.237204725 0.763671875 0.25688976406249997 0.767578125 0.2834645671875 0.7666015625 0.3061023625 0.7578125 0.3188976375 0.7412109375 0.3208661421875 0.7177734375 0.31299212656250003 0.7001953125 0.298228346875 0.68359375 0.276574803125 0.666015625 0.24704724374999998 0.666015625 0.2253937015625 0.67578125
0 0.22933070937500002 0.76953125 0.201771653125 0.767578125 0.17224409375 0.779296875 0.1564960625 0.787109375 0.1397637796875 0.8115234375 0.135826771875 0.8232421875 0.135826771875 0.8408203125 0.1397637796875 0.8525390625 0.1584645671875 0.8671875 0.176181103125 0.873046875 0.183070865625 0.8720703125 0.1978346453125 0.87109375 0.2332677171875 0.859375 0.2431102359375 0.853515625 0.257874015625 0.8349609375 0.263779528125 0.8154296875 0.2618110234375 0.8037109375 0.24803149531250002 0.7822265625 0.22933070937500002 0.76953125
0 0.1131889765625 0.673828125 0.098425196875 0.6884765625 0.09055118125 0.7080078125 0.09055118125 0.7353515625 0.0944881890625 0.7470703125 0.11515747968750001 0.771484375 0.1348425203125 0.783203125 0.1496062984375 0.7822265625 0.17814960625 0.76171875 0.188976378125 0.7451171875 0.188976378125 0.7001953125 0.1850393703125 0.6884765625 0.170275590625 0.67578125 0.1525590546875 0.66796875 0.1289370078125 0.66796875 0.1131889765625 0.673828125
0 0 0.7783203125 0.007874015625 0.7802734375 0.026574803125 0.77734375 0.0541338578125 0.765625 0.0629921265625 0.7587890625 0.0728346453125 0.7412109375 0.07677165312499999 0.7119140625 0.0551181109375 0.6806640625 0.0462598421875 0.67578125 0.038385826562499996 0.67578125 0.0226377953125 0.693359375 0 0.7041015625 0 0.7783203125
0 0.04035433125 0.775390625 0.004921259375 0.78515625 0.0019685046875 0.7900390625 0 0.8740234375 0.010826771875 0.8828125 0.023622046875 0.8857421875 0.0679133859375 0.87109375 0.0757874015625 0.8671875 0.0807086609375 0.8603515625 0.09055118125 0.8310546875 0.09055118125 0.7978515625 0.0757874015625 0.783203125 0.0679133859375 0.779296875 0.04035433125 0.775390625
0 0.1348425203125 0.5625 0.1190944875 0.57421875 0.0974409453125 0.580078125 0.06988188906250001 0.580078125 0.06496062968750001 0.5830078125 0.0570866140625 0.5986328125 0.05905511875 0.6298828125 0.0757874015625 0.6484375 0.101377953125 0.658203125 0.12204724375 0.6572265625 0.148622046875 0.6484375 0.16535433125000001 0.6318359375 0.173228346875 0.6142578125 0.173228346875 0.5927734375 0.1692913390625 0.5830078125 0.1525590546875 0.56640625 0.1427165359375 0.5625 0.1348425203125 0.5625
0 0 0.5810546875 0.00295275625 0.583984375 0.0255905515625 0.5830078125 0.04035433125 0.578125 0.05905511875 0.5615234375 0.0629921265625 0.5498046875 0.0629921265625 0.5107421875 0.05905511875 0.4990234375 0.048228346875 0.486328125 0.020669290625 0.4765625 0.004921259375 0.4765625 0 0.4794921875 0 0.5810546875
0 0.1289370078125 0.36328125 0.10334645625000001 0.36328125 0.08956692968749999 0.369140625 0.066929134375 0.3896484375 0.05905511875 0.4033203125 0.05905511875 0.4228515625 0.0688976375 0.4521484375 0.08956692968749999 0.46875 0.10334645625000001 0.47265625 0.1161417328125 0.4716796875 0.1269685046875 0.470703125 0.14468503906250002 0.462890625 0.15944881875 0.4482421875 0.1692913390625 0.4287109375 0.1692913390625 0.4052734375 0.16141732343749998 0.3837890625 0.1427165359375 0.3671875 0.1289370078125 0.36328125
0 0 0.4228515625 0.00295275625 0.42578125 0.0177165359375 0.4248046875 0.042322834375 0.4140625 0.0551181109375 0.4013671875 0.0629921265625 0.3740234375 0.0629921265625 0.3525390625 0.061023621875 0.3466796875 0.0305118109375 0.3203125 0.020669290625 0.31640625 0.004921259375 0.31640625 0 0.3193359375 0 0.4228515625
0 0.10334645625000001 0.234375 0.073818896875 0.236328125 0.044291339062500004 0.25 0.0334645671875 0.2607421875 0.0255905515625 0.2822265625 0.0255905515625 0.3056640625 0.0275590546875 0.3134765625 0.03444881875 0.3203125 0.0462598421875 0.326171875 0.062007873437500007 0.33984375 0.092519684375 0.3408203125 0.11515747968750001 0.3359375 0.1338582671875 0.3173828125 0.1397637796875 0.3037109375 0.14370078749999998 0.2783203125 0.1417322828125 0.2626953125 0.135826771875 0.2509765625 0.12303149531249999 0.240234375 0.10334645625000001 0.234375
0 0.186023621875 0.38671875 0.1791338578125 0.3916015625 0.17519685000000002 0.4013671875 0.173228346875 0.4365234375 0.167322834375 0.4462890625 0.167322834375 0.4541015625 0.18405511875 0.474609375 0.2194881890625 0.486328125 0.22834645625 0.4853515625 0.24704724374999998 0.482421875 0.2618110234375 0.4697265625 0.27165354375 0.4306640625 0.26968503906249996 0.4091796875 0.254921259375 0.390625 0.237204725 0.3828125 0.21161417343750002 0.380859375 0.186023621875 0.38671875
0 0.073818896875 0.484375 0.06496062968750001 0.4931640625 0.0629921265625 0.5048828125 0.066929134375 0.5361328125 0.0629921265625 0.5693359375 0.07185039374999999 0.576171875 0.092519684375 0.5771484375 0.1190944875 0.5703125 0.1535433078125 0.5419921875 0.15944881875 0.5087890625 0.1555118109375 0.4951171875 0.148622046875 0.486328125 0.1368110234375 0.482421875 0.0836614171875 0.482421875 0.073818896875 0.484375
0 0.7332677171875 0.482421875 0.707677165625 0.48046875 0.67814960625 0.490234375 0.6614173234375 0.5048828125 0.6476377953125 0.5361328125 0.6476377953125 0.5595703125 0.6555118109375 0.5751953125 0.676181103125 0.591796875 0.7007874015625 0.5927734375 0.7194881890625 0.58984375 0.7411417328125001 0.57421875 0.757874015625 0.5537109375 0.7618110234375 0.5419921875 0.76574803125 0.5205078125 0.757874015625 0.4990234375 0.7490157484375 0.490234375 0.7332677171875 0.482421875
0 0.6643700781249999 0.2109375 0.6368110234375 0.2109375 0.6210629921875 0.21875 0.6023622046875 0.2431640625 0.598425196875 0.2587890625 0.6003937015624999 0.2841796875 0.6230314953125 0.3125 0.6525590546875 0.326171875 0.6633858265625 0.3251953125 0.676181103125 0.32421875 0.7007874015625 0.3076171875 0.7106299218750001 0.2939453125 0.7165354328125 0.2783203125 0.7165354328125 0.2568359375 0.7106299218750001 0.2392578125 0.6899606296874999 0.21875 0.6643700781249999 0.2109375
0 0.712598425 0.2958984375 0.6958661421875 0.31640625 0.6801181109375001 0.326171875 0.662401575 0.328125 0.6535433078125 0.3486328125 0.6535433078125 0.3642578125 0.6899606296874999 0.3984375 0.707677165625 0.40234375 0.7224409453125 0.4013671875 0.737204725 0.396484375 0.7539370078125 0.3818359375 0.7696850390625001 0.3427734375 0.7677165359375 0.3134765625 0.74704724375 0.2890625 0.7312992125 0.28125 0.7194881890625 0.28125 0.712598425 0.2958984375
0 0.573818896875 0.271484375 0.55314960625 0.2939453125 0.54724409375 0.3095703125 0.54724409375 0.3427734375 0.55314960625 0.3623046875 0.5629921265625 0.3759765625 0.579724409375 0.390625 0.598425196875 0.3955078125 0.6210629921875 0.38671875 0.645669290625 0.3603515625 0.6476377953125 0.3310546875 0.612204725 0.3076171875 0.6003937015624999 0.2900390625 0.595472440625 0.271484375 0.579724409375 0.26953125 0.573818896875 0.271484375
0 0.851377953125 0.23828125 0.8336614171875001 0.23828125 0.8179133859375 0.244140625 0.801181103125 0.2587890625 0.787401575 0.2861328125 0.787401575 0.3017578125 0.7893700781249999 0.3232421875 0.795275590625 0.3349609375 0.813976378125 0.353515625 0.82775590625 0.361328125 0.8444881890625 0.3642578125 0.8553149609374999 0.36328125 0.8671259843750001 0.357421875 0.8897637796875 0.3369140625 0.8976377953125001 0.3154296875 0.8976377953125001 0.2958984375 0.8937007875 0.2802734375 0.875 0.25 0.851377953125 0.23828125
0 0.6683070859375 0.08984375 0.6437007875 0.1181640625 0.6397637796875 0.1318359375 0.6397637796875 0.1591796875 0.6496062984375001 0.1787109375 0.6683070859375 0.193359375 0.6978346453125 0.205078125 0.7106299218750001 0.2041015625 0.7312992125 0.197265625 0.7480314953125 0.1728515625 0.7480314953125 0.1201171875 0.7352362203125 0.10546875 0.7135826765625 0.091796875 0.6958661421875 0.0859375 0.676181103125 0.0859375 0.6683070859375 0.08984375
0 0.770669290625 0 0.7647637796875 0.00390625 0.7559055125 0.0185546875 0.7519685046875 0.0419921875 0.7539370078125 0.0615234375 0.76574803125 0.0849609375 0.7746062984375001 0.095703125 0.798228346875 0.109375 0.8179133859375 0.115234375 0.8444881890625 0.1142578125 0.8602362203125 0.1005859375 0.8681102359375 0.0791015625 0.8661417328125 0.0380859375 0.848425196875 0.0068359375 0.8395669296875001 0 0.770669290625 0
0 0.9468503937499999 0.0361328125 0.9675196843749999 0.02734375 0.98425196875 0.0087890625 0.9862204718750001 0.0009765625 0.8641732281250001 0.0009765625 0.8700787406250001 0.0185546875 0.8868110234375 0.03125 0.9084645671875 0.037109375 0.9468503937499999 0.0361328125
0 0.9183070859375 0.1796875 0.8976377953125001 0.1962890625 0.8917322828125 0.2119140625 0.8937007875 0.2451171875 0.9055118109375 0.2666015625 0.9281496062500001 0.287109375 0.9458661421875 0.294921875 0.960629921875 0.2939453125 0.9852362203125 0.283203125 0.9980314953124999 0.2724609375 0.9960629921875 0.2001953125 0.9862204718750001 0.1806640625 0.9753937015625 0.169921875 0.9675196843749999 0.16796875 0.941929134375 0.169921875 0.9183070859375 0.1796875
0 0.8503937015625 0.387109375 0.848818896875 0.40859375 0.85944881875 0.43125 0.889370078125 0.449609375 0.9070866140625 0.4578125 0.9673228343750001 0.408984375 0.9673228343750001 0.385546875 0.962598425 0.368359375 0.957480315625 0.357421875 0.9393700781250001 0.34609375 0.9094488187499999 0.343359375 0.8881889765625001 0.343359375 0.8645669296875 0.358984375 0.8503937015625 0.387109375
0 0.529921259375 0.41328125 0.49960629843750004 0.420703125 0.48385826718749997 0.4359375 0.47165354375 0.45703125 0.47204724374999996 0.4921875 0.4791338578125 0.51328125 0.49960629843750004 0.53046875 0.5185039375 0.537890625 0.548425196875 0.535546875 0.579527559375 0.525 0.5901574796875 0.515625 0.5964566921875 0.50390625 0.5960629921875 0.481640625 0.5913385828125 0.468359375 0.5775590546875 0.448046875 0.5712598421874999 0.4296875 0.5629921265625 0.4203125 0.529921259375 0.41328125
0 0.6503937015625 0.49375 0.6807086609375 0.47265625 0.6976377953124999 0.444140625 0.7062992125 0.42109375 0.698818896875 0.41015625 0.6803149609375 0.4 0.651181103125 0.39140625 0.6224409453125 0.39140625 0.5996062984375 0.401953125 0.5720472437499999 0.421484375 0.58464566875 0.450390625 0.5933070859375 0.467578125 0.5960629921875 0.484765625 0.60275590625 0.500390625 0.6311023625 0.5 0.6503937015625 0.49375
0 0.49055118125 0.380078125 0.4570866140625 0.349609375 0.44685039375 0.325390625 0.4397637796875 0.30703125 0.42165354375 0.305078125 0.4082677171875 0.310546875 0.4098425203125 0.3265625 0.4082677171875 0.34296875 0.3964566921875 0.36171875 0.354724409375 0.387890625 0.3555118109375 0.39609375 0.3602362203125 0.430859375 0.3708661421875 0.455859375 0.3897637796875 0.470703125 0.42047244062500005 0.476953125 0.45 0.46875 0.46535433125000003 0.4546875 0.4744094484375 0.433984375 0.49055118125 0.380078125
0 0 0.230859375 0.00314960625 0.23359375 0.0177165359375 0.24609375 0.02795275625 0.253125 0.0401574796875 0.251953125 0.067322834375 0.236328125 0.0948818890625 0.227734375 0.107480315625 0.216015625 0.1145669296875 0.183984375 0.1133858265625 0.164453125 0.09291338593750001 0.13203125 0.07165354375 0.1171875 0.041338582812500003 0.1109375 0.0177165359375 0.11328125 0 0.12890625 0 0.230859375
1 0.279527559375 0.6552734375 0.279527559375 0.6669921875 0.31299212656250003 0.7001953125 0.3208661421875 0.7177734375 0.3208661421875 0.7373046875 0.326771653125 0.7392578125 0.342519684375 0.7314453125 0.362204725 0.7021484375 0.3582677171875 0.6708984375 0.345472440625 0.654296875 0.3316929140625 0.65234375 0.31791338593749996 0.64453125 0.2864173234375 0.6484375 0.279527559375 0.6552734375
1 0.2677165359375 0.4580078125 0.2677165359375 0.4716796875 0.2805118109375 0.486328125 0.2992125984375 0.4873046875 0.3149606296875 0.4775390625 0.326771653125 0.4541015625 0.32480315000000004 0.4248046875 0.3208661421875 0.4169921875 0.3100393703125 0.41015625 0.2942913390625 0.41015625 0.27755905468750003 0.4189453125 0.2677165359375 0.4580078125
0 0.1488207875 0.27109375 0.1338601578125 0.31796875 0.1232302359375 0.337109375 0.12401763750000001 0.352734375 0.1401593703125 0.367578125 0.1826790546875 0.37265625 0.2185058265625 0.36171875 0.24567118125 0.3421875 0.2610255125 0.319921875 0.256301103125 0.2953125 0.24173417343749998 0.2796875 0.2216554328125 0.26953125 0.17952944843750002 0.26015625 0.1488207875 0.27109375
1 0.2834645671875 0.2822265625 0.28740157499999996 0.2880859375 0.2942913390625 0.29296875 0.3149606296875 0.2919921875 0.345472440625 0.2890625 0.354330709375 0.2822265625 0.354330709375 0.2626953125 0.345472440625 0.25 0.33562992187499996 0.24609375 0.3021653546875 0.24609375 0.2854330703125 0.2568359375 0.2834645671875 0.2822265625
1 0.323818896875 0.1875 0.3149606296875 0.1962890625 0.3149606296875 0.2119140625 0.3336614171875 0.228515625 0.3435039375 0.23046875 0.3769685046875 0.25 0.3868110234375 0.26171875 0.4005905515625 0.271484375 0.41633858281249997 0.279296875 0.43307086562499997 0.2783203125 0.4370078734375 0.2744140625 0.4370078734375 0.2685546875 0.4192913390625 0.2490234375 0.4192913390625 0.2275390625 0.3927165359375 0.185546875 0.3690944875 0.17578125 0.345472440625 0.17578125 0.323818896875 0.1875
1 0.1978346453125 0.53125 0.188976378125 0.5478515625 0.19094488125 0.5693359375 0.201771653125 0.578125 0.21555118125 0.583984375 0.23425196874999998 0.5830078125 0.2411417328125 0.58203125 0.2539370078125 0.5673828125 0.2539370078125 0.5537109375 0.24803149531250002 0.5400390625 0.237204725 0.53125 0.223425196875 0.525390625 0.20964566874999999 0.525390625 0.1978346453125 0.53125
1 0.45177165312499995 0.576171875 0.44291338593749996 0.5869140625 0.44094488125 0.6064453125 0.44685039375 0.6201171875 0.457677165625 0.6328125 0.46555118125000006 0.63671875 0.47834645625 0.6357421875 0.49311023593750003 0.630859375 0.5039370078125 0.6201171875 0.507874015625 0.6123046875 0.507874015625 0.5908203125 0.4911417328125 0.5703125 0.479330709375 0.56640625 0.46555118125000006 0.56640625 0.45177165312499995 0.576171875
1 0.5905511812500001 0.5947265625 0.58464566875 0.6103515625 0.58464566875 0.6220703125 0.5885826765625 0.6298828125 0.6053149609374999 0.646484375 0.6151574796875 0.650390625 0.62204724375 0.6494140625 0.6427165359375 0.638671875 0.6633858265625 0.6181640625 0.657480315625 0.6005859375 0.6466535437500001 0.58984375 0.6289370078125 0.58203125 0.6072834640625 0.58203125 0.601377953125 0.583984375 0.5905511812500001 0.5947265625
1 0.801181103125 0.4560546875 0.801181103125 0.4755859375 0.8051181109375 0.4931640625 0.823818896875 0.50390625 0.8385826765625 0.5029296875 0.8553149609374999 0.49609375 0.8759842515624999 0.4775390625 0.8759842515624999 0.4677734375 0.8681102359375 0.4423828125 0.85925196875 0.43359375 0.82775590625 0.43359375 0.813976378125 0.439453125 0.801181103125 0.4560546875