0 0.691015625 0.557421875 0.676171875 0.575390625 0.6640625 0.59765625 0.66015625 0.625 0.6609375 0.655859375 0.666015625 0.678515625 0.67734375 0.696484375 0.697265625 0.7234375 0.71640625 0.744140625 0.751171875 0.765625 0.791796875 0.768359375 0.81484375 0.760546875 0.840234375 0.746875 0.853125 0.73203125 0.865625 0.71015625 0.86953125 0.691015625 0.8703125 0.659765625 0.860546875 0.62578125 0.842578125 0.59921875 0.8140625 0.571484375 0.78671875 0.5578125 0.7546875 0.549609375 0.718359375 0.547265625 0.691015625 0.557421875
0 0.638671875 0.34765625 0.623046875 0.375390625 0.609375 0.40625 0.598828125 0.438671875 0.59765625 0.469140625 0.60546875 0.496875 0.617578125 0.515234375 0.62734375 0.528125 0.654296875 0.5375 0.6828125 0.534765625 0.705078125 0.524609375 0.7375 0.498828125 0.76484375 0.455859375 0.770703125 0.410546875 0.764453125 0.366796875 0.745703125 0.328515625 0.722265625 0.316015625 0.681640625 0.31328125 0.657421875 0.325 0.638671875 0.34765625
0 0.7828125 0.032421875 0.76015625 0.023828125 0.721484375 0.026171875 0.698046875 0.045703125 0.68203125 0.071484375 0.673828125 0.092578125 0.669921875 0.123828125 0.671484375 0.155078125 0.679296875 0.1890625 0.69765625 0.221484375 0.71953125 0.240625 0.758203125 0.25390625 0.787890625 0.253515625 0.802734375 0.249609375 0.81328125 0.240234375 0.832421875 0.211328125 0.84140625 0.16953125 0.83984375 0.127734375 0.8296875 0.087890625 0.808984375 0.05078125 0.7828125 0.032421875
0 0.55625 0.1359375 0.521875 0.136328125 0.503125 0.148046875 0.48984375 0.17109375 0.484765625 0.187109375 0.484375 0.2171875 0.486328125 0.233984375 0.49140625 0.25234375 0.503515625 0.268359375 0.521875 0.28515625 0.538671875 0.29609375 0.571484375 0.3078125 0.61171875 0.3109375 0.63359375 0.30625 0.650390625 0.295703125 0.6671875 0.273046875 0.673828125 0.25625 0.675 0.2265625 0.6625 0.1984375 0.646484375 0.17890625 0.629296875 0.164453125 0.597265625 0.1453125 0.55625 0.1359375
0 0.47890625 0.262109375 0.4578125 0.26015625 0.425390625 0.26171875 0.402734375 0.27109375 0.390234375 0.29296875 0.38125 0.31875 0.3796875 0.326953125 0.3828125 0.346484375 0.392578125 0.36953125 0.408984375 0.39140625 0.433984375 0.40546875 0.490625 0.415625 0.523828125 0.4109375 0.553125 0.3953125 0.56875 0.37265625 0.575390625 0.348828125 0.572265625 0.323046875 0.564453125 0.30703125 0.545703125 0.301953125 0.532421875 0.293359375 0.516796875 0.2828125 0.504296875 0.2734375 0.47890625 0.262109375
0 0.1671875 0.42421875 0.151171875 0.450390625 0.1375 0.48125 0.1296875 0.509375 0.126953125 0.550390625 0.13046875 0.571484375 0.1375 0.60625 0.15546875 0.63046875 0.1953125 0.640625 0.22265625 0.634375 0.252734375 0.61953125 0.28515625 0.581640625 0.295703125 0.546875 0.29921875 0.49453125 0.29296875 0.450390625 0.2703125 0.4171875 0.250390625 0.403515625 0.2171875 0.401171875 0.1828125 0.40859375 0.1671875 0.42421875
0 0.116015625 0.503125 0.103125 0.4640625 0.069921875 0.430859375 0.04453125 0.416796875 0.0171875 0.411328125 0.001171875 0.4109375 0 0.61796875 0.0140625 0.630859375 0.05078125 0.637890625 0.08359375 0.63046875 0.103125 0.608203125 0.11640625 0.579296875 0.1203125 0.54609375 0.116015625 0.503125
0 0.040234375 0.001171875 0.02109375 0.011328125 0.009375 0.036328125 0.005078125 0.06328125 0.005859375 0.081640625 0.00859375 0.105859375 0.01796875 0.134375 0.03515625 0.151953125 0.057421875 0.171484375 0.085546875 0.18125 0.116015625 0.17890625 0.150390625 0.1625 0.171484375 0.1390625 0.18046875 0.11328125 0.18125 0.079296875 0.153515625 0.033203125 0.115234375 0.008203125 0.082421875 0 0.040234375 0.001171875
0 0.375390625 0.071875 0.381640625 0.05 0.38359375 0.0171875 0.378125 0 0.23671875 0.00078125 0.237890625 0.031640625 0.24765625 0.066015625 0.26015625 0.084765625 0.284375 0.103515625 0.324609375 0.107421875 0.35703125 0.093359375 0.375390625 0.071875
0 0.867578125 0 0.872265625 0.02890625 0.88359375 0.065625 0.905078125 0.10078125 0.92890625 0.124609375 0.9609375 0.137109375 1 0.139453125 1 0 0.867578125 0
1 0.385546875 0.668359375 0.37265625 0.6890625 0.36875 0.71796875 0.375390625 0.746484375 0.3890625 0.764453125 0.408203125 0.778515625 0.4171875 0.788671875 0.459765625 0.80390625 0.4875 0.79296875 0.50390625 0.76640625 0.503515625 0.72578125 0.4890625 0.6890625 0.467578125 0.666015625 0.4328125 0.653515625 0.398046875 0.653125 0.385546875 0.668359375
0 0.101953125 0.79140625 0.0765625 0.802734375 0.054296875 0.830859375 0.041796875 0.86171875 0.036328125 0.88203125 0.0328125 0.90390625 0.191015625 0.91953125 0.197265625 0.9 0.1984375 0.866015625 0.1890625 0.83046875 0.178515625 0.810546875 0.148828125 0.79296875 0.129296875 0.78671875 0.101953125 0.79140625