0 0.9169921875 0.828125 0.8955078125 0.8203125 0.8564453125 0.82421875 0.841796875 0.8408203125 0.830078125 0.8642578125 0.8291015625 0.8828125 0.833984375 0.9365234375 0.853515625 0.9853515625 0.8642578125 1 0.96875 0.9990234375 0.978515625 0.9482421875 0.97265625 0.9013671875 0.951171875 0.8623046875 0.9169921875 0.828125
0 0.7734375 0.9404296875 0.7314453125 0.916015625 0.7001953125 0.91015625 0.6591796875 0.912109375 0.634765625 0.9248046875 0.6259765625 0.9453125 0.626953125 0.9736328125 0.6416015625 1 0.806640625 0.9990234375 0.8046875 0.9794921875 0.7734375 0.9404296875
0 0.4111328125 1 0.44140625 0.9794921875 0.45703125 0.9521484375 0.451171875 0.9287109375 0.4267578125 0.90234375 0.3837890625 0.8828125 0.3486328125 0.8828125 0.3212890625 0.888671875 0.2998046875 0.900390625 0.283203125 0.9169921875 0.2802734375 0.9296875 0.28125 0.9599609375 0.3056640625 0.986328125 0.3251953125 1 0.4111328125 1
0 0.1845703125 0.685546875 0.1494140625 0.671875 0.1064453125 0.669921875 0.0849609375 0.677734375 0.0546875 0.6982421875 0.0400390625 0.78125 0.044921875 0.8115234375 0.0654296875 0.833984375 0.0947265625 0.841796875 0.1279296875 0.841796875 0.1728515625 0.826171875 0.208984375 0.7919921875 0.21875 0.7705078125 0.22265625 0.7451171875 0.208984375 0.7080078125 0.1845703125 0.685546875
0 0.4501953125 0.5859375 0.3994140625 0.583984375 0.3603515625 0.595703125 0.3251953125 0.62109375 0.302734375 0.6494140625 0.2939453125 0.689453125 0.294921875 0.7236328125 0.3212890625 0.755859375 0.3583984375 0.765625 0.3876953125 0.765625 0.4169921875 0.75390625 0.4365234375 0.751953125 0.455078125 0.7353515625 0.48046875 0.6943359375 0.486328125 0.6611328125 0.482421875 0.6181640625 0.4638671875 0.59375 0.4501953125 0.5859375
0 0.1171875 0.1787109375 0.1044921875 0.16796875 0.0830078125 0.158203125 0.0478515625 0.158203125 0.033203125 0.1689453125 0.0205078125 0.193359375 0.01953125 0.2177734375 0.04296875 0.2705078125 0.0849609375 0.302734375 0.1044921875 0.310546875 0.1416015625 0.310546875 0.1630859375 0.3046875 0.18359375 0.2861328125 0.18359375 0.2685546875 0.16015625 0.2255859375 0.140625 0.2138671875 0.12109375 0.1904296875 0.1171875 0.1787109375
0 0.2255859375 0.10546875 0.2060546875 0.095703125 0.1865234375 0.095703125 0.1630859375 0.103515625 0.142578125 0.1201171875 0.1376953125 0.158203125 0.13671875 0.1787109375 0.1796875 0.2470703125 0.189453125 0.2861328125 0.2216796875 0.314453125 0.2568359375 0.30859375 0.279296875 0.2802734375 0.287109375 0.2353515625 0.28125 0.1826171875 0.2578125 0.1357421875 0.2255859375 0.10546875
0 0.578125 0.0732421875 0.5615234375 0.02734375 0.5419921875 0.021484375 0.5263671875 0.02734375 0.48046875 0.0673828125 0.4716796875 0.095703125 0.4765625 0.1357421875 0.48828125 0.1689453125 0.5322265625 0.208984375 0.5537109375 0.21875 0.5888671875 0.21875 0.61328125 0.1982421875 0.619140625 0.1826171875 0.6171875 0.1533203125 0.587890625 0.0849609375 0.578125 0.0732421875
0 0.5771484375 0 0.5751953125 0.00390625 0.578125 0.0322265625 0.595703125 0.0810546875 0.603515625 0.0888671875 0.609375 0.1279296875 0.623046875 0.1572265625 0.6474609375 0.171875 0.6787109375 0.17578125 0.6884765625 0.171875 0.716796875 0.1396484375 0.71484375 0.0869140625 0.701171875 0.0400390625 0.69140625 0.0244140625 0.6748046875 0.009765625 0.6513671875 0 0.5771484375 0
0 0.818359375 0.2705078125 0.8046875 0.2353515625 0.7666015625 0.201171875 0.7158203125 0.189453125 0.681640625 0.2158203125 0.6728515625 0.24609375 0.671875 0.2822265625 0.677734375 0.3037109375 0.740234375 0.3701171875 0.75390625 0.3955078125 0.7685546875 0.400390625 0.8017578125 0.388671875 0.8203125 0.3583984375 0.82421875 0.3271484375 0.818359375 0.2705078125
0 0.9052734375 0.34375 0.8857421875 0.337890625 0.8583984375 0.337890625 0.8427734375 0.345703125 0.82421875 0.3662109375 0.8037109375 0.412109375 0.8046875 0.4580078125 0.81640625 0.4794921875 0.8427734375 0.5 0.8837890625 0.498046875 0.8935546875 0.494140625 0.92578125 0.4638671875 0.939453125 0.4306640625 0.939453125 0.3955078125 0.927734375 0.3681640625 0.9052734375 0.34375
0 1 0.5068359375 0.9970703125 0.50390625 0.9638671875 0.501953125 0.9501953125 0.50390625 0.9287109375 0.513671875 0.884765625 0.5615234375 0.8818359375 0.572265625 0.880859375 0.6142578125 0.8935546875 0.650390625 0.9130859375 0.65625 0.9345703125 0.65625 0.9833984375 0.640625 1 0.6240234375 1 0.5068359375
0 0.7197265625 0.501953125 0.6787109375 0.509765625 0.6591796875 0.52734375 0.640625 0.5361328125 0.62890625 0.5576171875 0.6240234375 0.587890625 0.623046875 0.6279296875 0.638671875 0.6611328125 0.6591796875 0.67578125 0.6962890625 0.673828125 0.728515625 0.6494140625 0.75390625 0.6005859375 0.759765625 0.5732421875 0.7578125 0.5361328125 0.7412109375 0.515625 0.7197265625 0.501953125
0 0.5576171875 0.45703125 0.5439453125 0.462890625 0.53515625 0.4697265625 0.53125 0.4853515625 0.53125 0.5380859375 0.5107421875 0.5625 0.51171875 0.6103515625 0.525390625 0.6376953125 0.5498046875 0.65625 0.5751953125 0.65625 0.5830078125 0.65234375 0.61328125 0.6220703125 0.626953125 0.5537109375 0.63671875 0.5341796875 0.634765625 0.5087890625 0.625 0.4892578125 0.5986328125 0.462890625 0.5888671875 0.458984375 0.5576171875 0.45703125
0 0.5009765625 0.419921875 0.4873046875 0.416015625 0.4580078125 0.392578125 0.4306640625 0.392578125 0.416015625 0.4033203125 0.4072265625 0.416015625 0.408203125 0.4775390625 0.42578125 0.5146484375 0.4658203125 0.55859375 0.4736328125 0.5625 0.5048828125 0.560546875 0.5234375 0.5361328125 0.53125 0.4755859375 0.53125 0.4677734375 0.515625 0.4345703125 0.5009765625 0.419921875
0 0.69921875 0.3837890625 0.6640625 0.3251953125 0.6533203125 0.318359375 0.6259765625 0.31640625 0.5908203125 0.35546875 0.5576171875 0.373046875 0.556640625 0.4033203125 0.578125 0.4462890625 0.6357421875 0.486328125 0.7001953125 0.494140625 0.7431640625 0.4765625 0.75390625 0.4619140625 0.7578125 0.4423828125 0.75 0.4287109375 0.69921875 0.3837890625
0 0.5673828125 0.251953125 0.5185546875 0.23046875 0.4833984375 0.232421875 0.4619140625 0.240234375 0.447265625 0.2607421875 0.4423828125 0.283203125 0.44140625 0.2998046875 0.455078125 0.3271484375 0.4892578125 0.353515625 0.5048828125 0.359375 0.5634765625 0.3671875 0.5849609375 0.357421875 0.619140625 0.3232421875 0.61328125 0.2919921875 0.6005859375 0.275390625 0.5673828125 0.251953125
0 0.041015625 0.7607421875 0.041015625 0.7353515625 0.05078125 0.6962890625 0.03125 0.6533203125 0.0087890625 0.62890625 0.0009765625 0.625 0 0.8115234375 0.0048828125 0.8125 0.0185546875 0.806640625 0.03515625 0.7880859375 0.041015625 0.7607421875