0 0.1171875 0.037109375 0.09375 0.072265625 0.08984375 0.154296875 0.1015625 0.185546875 0.123046875 0.2109375 0.146484375 0.21875 0.16796875 0.216796875 0.208984375 0.1875 0.22265625 0.162109375 0.21875 0.076171875 0.21484375 0.048828125 0.20703125 0.033203125 0.177734375 0.0078125 0.150390625 0.0078125 0.1171875 0.037109375
0 0.330078125 0 0.3203125 0.013671875 0.30859375 0.044921875 0.30859375 0.072265625 0.31953125 0.09609375 0.341796875 0.10546875 0.357421875 0.109375 0.3984375 0.107421875 0.455078125 0.09375 0.498046875 0.0625 0.51171875 0.033203125 0.51171875 0.009765625 0.501953125 0 0.330078125 0
0 0.453125 0.119140625 0.4375 0.154296875 0.44140625 0.181640625 0.455859375 0.2171875 0.47265625 0.232421875 0.486328125 0.24609375 0.505859375 0.25390625 0.529296875 0.25 0.60546875 0.251953125 0.6296875 0.22578125 0.62890625 0.181640625 0.62890625 0.150390625 0.5859375 0.095703125 0.568359375 0.0859375 0.501953125 0.08203125 0.474609375 0.09765625 0.453125 0.119140625
0 0 0.447265625 0.017578125 0.453125 0.056640625 0.4609375 0.07421875 0.458984375 0.103515625 0.44921875 0.1328125 0.419921875 0.13671875 0.396484375 0.13671875 0.322265625 0.119140625 0.30078125 0.08671875 0.28828125 0.056640625 0.28515625 0.033203125 0.2890625 0 0.314453125 0 0.447265625
0 0.309375 0.35546875 0.28984375 0.332421875 0.262890625 0.31953125 0.22109375 0.3203125 0.167578125 0.340625 0.146875 0.3671875 0.13515625 0.40703125 0.126953125 0.44296875 0.130859375 0.46640625 0.146484375 0.4890625 0.180078125 0.500390625 0.2203125 0.494921875 0.25234375 0.484765625 0.285546875 0.462109375 0.301953125 0.4375 0.3140625 0.39375 0.309375 0.35546875
0 0.444140625 0.670703125 0.458984375 0.6265625 0.453515625 0.58515625 0.4375 0.550390625 0.4125 0.534765625 0.3828125 0.534765625 0.3484375 0.555078125 0.31640625 0.583203125 0.29609375 0.616796875 0.2859375 0.648046875 0.279296875 0.6671875 0.287890625 0.692578125 0.309375 0.72890625 0.34609375 0.738671875 0.39453125 0.727734375 0.42265625 0.70859375 0.444140625 0.670703125
0 0.48671875 0.8125 0.469921875 0.776171875 0.432421875 0.744140625 0.39765625 0.737890625 0.359375 0.753515625 0.328515625 0.791015625 0.317578125 0.821484375 0.31171875 0.853125 0.32265625 0.88046875 0.346875 0.91953125 0.36875 0.933984375 0.4015625 0.9453125 0.444140625 0.93984375 0.473828125 0.90546875 0.4875 0.853515625 0.48671875 0.8125
0 0.214453125 0.912109375 0.184765625 0.94296875 0.1703125 0.984375 0.169921875 0.999609375 0.383203125 1 0.375390625 0.96796875 0.360546875 0.9375 0.33359375 0.913671875 0.296484375 0.901171875 0.24765625 0.90390625 0.214453125 0.912109375
0 0.6734375 1 0.711328125 0.960546875 0.730859375 0.917578125 0.731640625 0.88828125 0.72109375 0.86015625 0.68828125 0.8390625 0.644140625 0.83515625 0.60859375 0.841796875 0.580078125 0.857421875 0.552734375 0.881640625 0.53125 0.91484375 0.515625 0.956640625 0.508984375 0.989453125 0.515625 1 0.62890625 1 0.6734375 1
0 0.949609375 0.808203125 0.933984375 0.7796875 0.912890625 0.75546875 0.87890625 0.744140625 0.830859375 0.756640625 0.8 0.7828125 0.787109375 0.8125 0.775390625 0.841796875 0.77265625 0.870703125 0.774609375 0.88671875 0.796484375 0.930859375 0.831640625 0.956640625 0.870703125 0.97265625 0.924609375 0.963671875 0.955859375 0.9328125 0.96796875 0.89375 0.962109375 0.8421875 0.949609375 0.808203125
0 0.869140625 0.565234375 0.909765625 0.49609375 0.912109375 0.4578125 0.897265625 0.43125 0.870703125 0.414453125 0.82109375 0.42109375 0.78515625 0.44375 0.761328125 0.48046875 0.741015625 0.512890625 0.736328125 0.5453125 0.7390625 0.574609375 0.753515625 0.60234375 0.77734375 0.619140625 0.819140625 0.609765625 0.869140625 0.565234375
0 0.592578125 0.48203125 0.529296875 0.4859375 0.4796875 0.51484375 0.4625 0.564453125 0.458984375 0.60078125 0.459765625 0.63515625 0.45859375 0.659375 0.47421875 0.683203125 0.508203125 0.69921875 0.5328125 0.696875 0.578125 0.6828125 0.63203125 0.65 0.659765625 0.61796875 0.67421875 0.573046875 0.662890625 0.539453125 0.64296875 0.507421875 0.613671875 0.4921875 0.592578125 0.48203125
0 0.92734375 0.35703125 0.973046875 0.3421875 0.9953125 0.315234375 1 0.27265625 0.998046875 0.232421875 0.96875 0.20703125 0.947265625 0.196875 0.918359375 0.19609375 0.878515625 0.2171875 0.84609375 0.265625 0.844921875 0.315625 0.859765625 0.344921875 0.880859375 0.356640625 0.92734375 0.35703125
0 1 0.44140625 0.977734375 0.44609375 0.949609375 0.459765625 0.93203125 0.473046875 0.907421875 0.513671875 0.894921875 0.551953125 0.887890625 0.593359375 0.89765625 0.6265625 0.919140625 0.649609375 0.96015625 0.653125 0.99921875 0.63671875 1 0.621875 1 0.44140625
1 0.594140625 0.280078125 0.575390625 0.263671875 0.54765625 0.272265625 0.5328125 0.2859375 0.526953125 0.29921875 0.525390625 0.325 0.533984375 0.363671875 0.555859375 0.397265625 0.59453125 0.39765625 0.617578125 0.376953125 0.620703125 0.345703125 0.610546875 0.312890625 0.594140625 0.280078125