0 0.7234375 0.09453125 0.731640625 0.071484375 0.733203125 0.040625 0.71171875 0 0.54453125 0.00234375 0.53671875 0.030859375 0.544921875 0.0703125 0.571484375 0.0984375 0.60234375 0.116015625 0.632421875 0.125 0.665625 0.122265625 0.6984375 0.112890625 0.7234375 0.09453125
0 0.79609375 0.248828125 0.810546875 0.21640625 0.7984375 0.174609375 0.73984375 0.14296875 0.68203125 0.13203125 0.633984375 0.14140625 0.596484375 0.169921875 0.579296875 0.18671875 0.565234375 0.219140625 0.571484375 0.257421875 0.599609375 0.278515625 0.64921875 0.2890625 0.695703125 0.291015625 0.75546875 0.27578125 0.79609375 0.248828125
0 0.90508390625 0.38671875 0.90117765625 0.355078125 0.88047453125 0.3328125 0.85352140625 0.312109375 0.81836515625 0.29765625 0.75664640625 0.288671875 0.70313078125 0.3015625 0.68438078125 0.328515625 0.67109375 0.361328125 0.676171875 0.39296875 0.69453125 0.41875 0.72890625 0.43671875 0.76953125 0.447265625 0.8078125 0.451171875 0.844921875 0.44375 0.89180265625 0.41328125 0.90508390625 0.38671875
0 0.988290859375 0.68984375 0.965243984375 0.665234375 0.9246189843750001 0.64296875 0.8722752343750001 0.634375 0.8004002343750001 0.647265625 0.766025234375 0.666796875 0.747275234375 0.69921875 0.7480564843749999 0.728125 0.75859953125 0.7484375 0.77539640625 0.766796875 0.80274015625 0.791015625 0.8421932812499999 0.8078125 0.89727140625 0.80390625 0.9679783593750001 0.7828125 0.9929783593750001 0.762109375 0.9988377343750001 0.723046875 0.988290859375 0.68984375
0 1 0.8515625 0.968759609375 0.853515625 0.9445408593750001 0.8609375 0.9097752343750001 0.880859375 0.875400234375 0.91015625 0.851572109375 0.9515625 0.8425877343750001 0.9828125 0.841801796875 1 1 1 1 0.8515625
0 0.892583046875 0.895703125 0.903520546875 0.871875 0.895317421875 0.84140625 0.870708046875 0.819921875 0.821489296875 0.81328125 0.780473671875 0.821875 0.742192421875 0.84140625 0.700786171875 0.875390625 0.683208046875 0.91171875 0.677739296875 0.948046875 0.675395546875 0.976953125 0.690629921875 0.991015625 0.707426796875 0.998046875 0.779301796875 1 0.812504921875 0.9890625 0.839067421875 0.962109375 0.857817421875 0.934375 0.871489296875 0.910546875 0.892583046875 0.895703125
0 0.676953125 0.934765625 0.683203125 0.910546875 0.691796875 0.887109375 0.697265625 0.865625 0.69140625 0.851171875 0.666796875 0.833984375 0.63125 0.826171875 0.599609375 0.827734375 0.567578125 0.84453125 0.5390625 0.871875 0.524609375 0.90546875 0.526171875 0.93984375 0.533984375 0.96171875 0.5375 0.971875 0.551171875 0.9859375 0.571875 0.99921875 0.61875 0.985546875 0.666015625 0.95390625 0.676953125 0.934765625
0 0.743359375 0.753125 0.74375 0.721484375 0.73671875 0.690234375 0.71796875 0.673828125 0.68125 0.65703125 0.650390625 0.661328125 0.62421875 0.669140625 0.598828125 0.68515625 0.5921875 0.696875 0.590625 0.714453125 0.5859375 0.7359375 0.56796875 0.76015625 0.549609375 0.780859375 0.5546875 0.79921875 0.59453125 0.8203125 0.634375 0.823828125 0.687890625 0.814453125 0.717578125 0.7984375 0.736328125 0.777734375 0.743359375 0.753125
0 0.587890625 0.691796875 0.584765625 0.66796875 0.569140625 0.65 0.546484375 0.64140625 0.512890625 0.63671875 0.469140625 0.64453125 0.43828125 0.653515625 0.390625 0.679296875 0.366015625 0.712109375 0.35859375 0.7421875 0.3640625 0.777734375 0.375 0.7953125 0.39375 0.804296875 0.39296875 0.803515625 0.426171875 0.8109375 0.46484375 0.81171875 0.506640625 0.80703125 0.530078125 0.795703125 0.546484375 0.776171875 0.56953125 0.74765625 0.582421875 0.723046875 0.587890625 0.691796875
0 0.45625 1 0.50234375 0.98671875 0.5109375 0.9515625 0.502734375 0.908203125 0.474609375 0.8859375 0.435546875 0.859765625 0.373828125 0.8328125 0.338671875 0.84296875 0.312109375 0.869140625 0.30703125 0.890625 0.305859375 0.927734375 0.31171875 0.96484375 0.323828125 0.98828125 0.3375 1 0.45625 1
0 0.300390625 0.858984375 0.275 0.847265625 0.241015625 0.848046875 0.203515625 0.865625 0.148046875 0.897265625 0.149609375 0.94609375 0.159375 0.98046875 0.190625 1 0.267578125 0.998828125 0.304296875 0.948828125 0.30625 0.915625 0.305078125 0.88359375 0.300390625 0.858984375
0 0.33671875 0.59921875 0.31015625 0.567578125 0.262890625 0.55390625 0.212109375 0.571484375 0.1609375 0.605078125 0.130078125 0.63828125 0.116796875 0.673046875 0.118359375 0.70859375 0.13359375 0.74140625 0.14765625 0.75859375 0.178515625 0.77109375 0.21328125 0.771484375 0.257421875 0.758203125 0.30859375 0.71796875 0.334765625 0.67421875 0.34921875 0.636328125 0.33671875 0.59921875
0 0.478125 0.4484375 0.532421875 0.41875 0.549609375 0.39765625 0.548828125 0.34921875 0.5203125 0.31953125 0.4828125 0.295703125 0.43828125 0.28203125 0.40234375 0.28671875 0.380078125 0.288671875 0.34375 0.302734375 0.311328125 0.3328125 0.30234375 0.3765625 0.3078125 0.410546875 0.328125 0.43828125 0.36953125 0.45625 0.420703125 0.46015625 0.478125 0.4484375
0 0.366015625 0.170703125 0.334765625 0.141015625 0.289453125 0.12265625 0.238671875 0.123046875 0.205078125 0.124609375 0.1609375 0.1421875 0.138671875 0.167578125 0.128515625 0.194140625 0.13515625 0.219921875 0.16015625 0.25234375 0.19296875 0.266015625 0.237109375 0.273828125 0.290625 0.270703125 0.337890625 0.254296875 0.36640625 0.2296875 0.37421875 0.197265625 0.366015625 0.170703125