0 0.8505859375 0.9140625 0.8427734375 0.91015625 0.8212890625 0.90234375 0.7841796875 0.896484375 0.759765625 0.9150390625 0.7490234375 0.9375 0.748046875 0.9775390625 0.7587890625 1 0.904296875 0.9990234375 0.900390625 0.9794921875 0.8828125 0.9580078125 0.87890625 0.9443359375 0.8505859375 0.9140625
0 0.4091796875 1 0.412109375 0.9951171875 0.41015625 0.9814453125 0.390625 0.9482421875 0.3583984375 0.9140625 0.3427734375 0.908203125 0.3076171875 0.904296875 0.2958984375 0.91015625 0.279296875 0.9267578125 0.2734375 0.9384765625 0.2685546875 0.966796875 0.2685546875 1 0.4091796875 1
0 0.2294921875 1 0.23046875 0.9892578125 0.2265625 0.9755859375 0.2109375 0.9580078125 0.208984375 0.9443359375 0.203125 0.9326171875 0.1826171875 0.916015625 0.1669921875 0.916015625 0.1318359375 0.931640625 0.123046875 0.9404296875 0.1064453125 0.99609375 0.1064453125 1 0.2294921875 1
0 0.099609375 0.9091796875 0.0751953125 0.88671875 0.060546875 0.8818359375 0.0498046875 0.873046875 0.0107421875 0.8515625 0.0009765625 0.84375 0 0.9990234375 0.0791015625 1 0.091796875 0.9912109375 0.109375 0.9521484375 0.107421875 0.9267578125 0.099609375 0.9091796875
0 0.1484375 0.7724609375 0.1357421875 0.759765625 0.0771484375 0.724609375 0.0537109375 0.71875 0.0341796875 0.71875 0.0009765625 0.74609375 0 0.8388671875 0.0087890625 0.84765625 0.0380859375 0.86328125 0.0615234375 0.875 0.1064453125 0.896484375 0.1396484375 0.892578125 0.162109375 0.8740234375 0.169921875 0.8505859375 0.16796875 0.8212890625 0.1484375 0.7724609375
0 0.44921875 0.7958984375 0.4326171875 0.7734375 0.4033203125 0.75 0.3525390625 0.732421875 0.3115234375 0.7421875 0.298828125 0.7568359375 0.295703125 0.78984375 0.30078125 0.8173828125 0.3310546875 0.853515625 0.3447265625 0.861328125 0.3759765625 0.87109375 0.4208984375 0.87109375 0.4384765625 0.86328125 0.458984375 0.8369140625 0.45703125 0.8134765625 0.44921875 0.7958984375
0 0.4755859375 0.556640625 0.4619140625 0.55078125 0.4150390625 0.546875 0.3994140625 0.552734375 0.37890625 0.5751953125 0.3701171875 0.61328125 0.373046875 0.6611328125 0.38671875 0.6923828125 0.4150390625 0.7265625 0.4306640625 0.732421875 0.4755859375 0.732421875 0.501953125 0.7119140625 0.513671875 0.6748046875 0.513671875 0.6376953125 0.50390625 0.6005859375 0.4755859375 0.556640625
0 0.4072265625 0.23046875 0.3701171875 0.2265625 0.3525390625 0.234375 0.33203125 0.2568359375 0.3203125 0.2861328125 0.3173828125 0.31640625 0.318359375 0.3447265625 0.33984375 0.3935546875 0.3681640625 0.412109375 0.3974609375 0.4140625 0.4072265625 0.41015625 0.435546875 0.3798828125 0.451171875 0.3466796875 0.455078125 0.3076171875 0.447265625 0.2724609375 0.4384765625 0.25390625 0.4072265625 0.23046875
0 0.705078125 0.1513671875 0.6494140625 0.109375 0.6279296875 0.10546875 0.6181640625 0.109375 0.6015625 0.1298828125 0.5947265625 0.158203125 0.595703125 0.2060546875 0.611328125 0.2548828125 0.623046875 0.2724609375 0.6376953125 0.28515625 0.6591796875 0.29296875 0.6806640625 0.29296875 0.6982421875 0.28515625 0.71875 0.2568359375 0.724609375 0.2255859375 0.724609375 0.1962890625 0.705078125 0.1513671875
0 0.8466796875 0.07421875 0.8193359375 0.05859375 0.7685546875 0.064453125 0.7490234375 0.07421875 0.73046875 0.0927734375 0.7138671875 0.12109375 0.71484375 0.1513671875 0.732421875 0.1904296875 0.7451171875 0.203125 0.7724609375 0.205078125 0.8173828125 0.1796875 0.828125 0.1689453125 0.8515625 0.1298828125 0.857421875 0.0908203125 0.8466796875 0.07421875
0 0.888671875 0.2080078125 0.8740234375 0.19140625 0.8291015625 0.185546875 0.759765625 0.2236328125 0.73828125 0.2587890625 0.7333984375 0.28125 0.734375 0.3251953125 0.7509765625 0.349609375 0.7841796875 0.3671875 0.8076171875 0.369140625 0.8271484375 0.36328125 0.8388671875 0.357421875 0.8671875 0.3251953125 0.873046875 0.2646484375 0.888671875 0.2294921875 0.888671875 0.2080078125
0 1 0.2080078125 0.9892578125 0.193359375 0.9658203125 0.18359375 0.9326171875 0.18359375 0.91796875 0.1962890625 0.90625 0.2685546875 0.8876953125 0.322265625 0.88671875 0.3427734375 0.9072265625 0.357421875 0.9208984375 0.361328125 0.9755859375 0.349609375 1 0.3271484375 1 0.2080078125
0 0.9990234375 0.373046875 0.9619140625 0.3671875 0.9228515625 0.373046875 0.9072265625 0.37890625 0.884765625 0.4033203125 0.8779296875 0.42578125 0.87890625 0.4580078125 0.88671875 0.4716796875 0.9052734375 0.486328125 0.9267578125 0.4921875 0.9638671875 0.49609375 0.9873046875 0.48828125 1 0.4794921875 0.9990234375 0.373046875
0 0.9560546875 0.509765625 0.9033203125 0.494140625 0.8759765625 0.4921875 0.8408203125 0.49609375 0.814453125 0.5224609375 0.8095703125 0.55078125 0.8125 0.5712890625 0.8330078125 0.599609375 0.8564453125 0.6171875 0.8876953125 0.625 0.9326171875 0.625 0.9560546875 0.619140625 0.98046875 0.5927734375 0.986328125 0.5751953125 0.986328125 0.5517578125 0.974609375 0.5302734375 0.9560546875 0.509765625
1 0.8212890625 0 0.8203125 0.0458984375 0.8291015625 0.052734375 0.8486328125 0.056640625 0.8544921875 0.056640625 0.8701171875 0.048828125 0.8876953125 0.02734375 0.91796875 0.0029296875 0.9169921875 0 0.8212890625 0
0 0.0966796875 0.435546875 0.0537109375 0.4609375 0.0390625 0.4814453125 0.03125 0.5185546875 0.017578125 0.5302734375 0.0048828125 0.564453125 0.005859375 0.5966796875 0.013671875 0.6123046875 0.0341796875 0.626953125 0.0654296875 0.626953125 0.1005859375 0.603515625 0.1259765625 0.599609375 0.15625 0.5771484375 0.173828125 0.5439453125 0.17578125 0.5048828125 0.162109375 0.4658203125 0.1103515625 0.435546875 0.0966796875 0.435546875
0 0.091796875 0.3896484375 0.091796875 0.3544921875 0.076171875 0.3154296875 0.0458984375 0.28125 0.0185546875 0.267578125 0.0009765625 0.265625 0 0.4365234375 0.0205078125 0.4453125 0.0498046875 0.447265625 0.0712890625 0.43359375 0.0859375 0.4130859375 0.091796875 0.3896484375