0 0.9765625 0.2529296875 0.9501953125 0.220703125 0.9072265625 0.201171875 0.8779296875 0.19921875 0.8408203125 0.20703125 0.8125 0.2392578125 0.806640625 0.2587890625 0.8076171875 0.291015625 0.81640625 0.3193359375 0.8359375 0.3466796875 0.8525390625 0.36328125 0.8798828125 0.376953125 0.9150390625 0.3828125 0.9619140625 0.376953125 0.978515625 0.3662109375 0.9921875 0.3427734375 0.994140625 0.2880859375 0.9765625 0.2529296875
0 0.93359375 0.4326171875 0.8994140625 0.40625 0.8779296875 0.396484375 0.8662109375 0.396484375 0.837890625 0.4130859375 0.82421875 0.4443359375 0.8232421875 0.48828125 0.830078125 0.5361328125 0.8515625 0.5791015625 0.8759765625 0.6015625 0.8974609375 0.60546875 0.9404296875 0.59765625 0.9599609375 0.587890625 0.96875 0.5751953125 0.974609375 0.5439453125 0.96875 0.4951171875 0.93359375 0.4326171875
0 0.81640625 0.3798828125 0.78515625 0.3251953125 0.7529296875 0.296875 0.7314453125 0.28515625 0.7099609375 0.28125 0.6806640625 0.287109375 0.666015625 0.2978515625 0.650390625 0.3232421875 0.6474609375 0.35546875 0.650390625 0.3818359375 0.6640625 0.4169921875 0.6806640625 0.43359375 0.7392578125 0.47265625 0.7568359375 0.478515625 0.7880859375 0.474609375 0.802734375 0.4619140625 0.80859375 0.4462890625 0.818359375 0.4091796875 0.81640625 0.3798828125
0 0.76171875 0.5185546875 0.7353515625 0.4921875 0.6982421875 0.478515625 0.6689453125 0.482421875 0.646484375 0.5107421875 0.638671875 0.5400390625 0.6396484375 0.564453125 0.64453125 0.5947265625 0.654296875 0.6201171875 0.6826171875 0.66015625 0.6904296875 0.6640625 0.7314453125 0.6640625 0.7490234375 0.65625 0.767578125 0.6396484375 0.78125 0.6044921875 0.78125 0.5673828125 0.76171875 0.5185546875
0 0.6884765625 0 0.6533203125 0.02734375 0.638671875 0.0439453125 0.6328125 0.0576171875 0.6298828125 0.091796875 0.634765625 0.1103515625 0.6552734375 0.130859375 0.6845703125 0.1328125 0.7001953125 0.126953125 0.7275390625 0.125 0.7548828125 0.109375 0.78515625 0.0771484375 0.791015625 0.0517578125 0.787109375 0.0244140625 0.7666015625 0 0.6884765625 0
0 0.66015625 0.0009765625 0.5205078125 0 0.5205078125 0.0078125 0.52734375 0.0439453125 0.537109375 0.0673828125 0.5537109375 0.083984375 0.5771484375 0.087890625 0.5986328125 0.08203125 0.615234375 0.0693359375 0.625 0.0458984375 0.638671875 0.0263671875 0.65625 0.0107421875 0.66015625 0.0009765625
0 0.0224609375 0.201171875 0.0458984375 0.185546875 0.0625 0.1533203125 0.0625 0.1279296875 0.052734375 0.0947265625 0.0224609375 0.064453125 0.0048828125 0.052734375 0 0.0537109375 0.0009765625 0.20703125 0.0224609375 0.201171875
0 0.0166015625 0.416015625 0.001953125 0.4306640625 0.0009765625 0.5859375 0.0791015625 0.580078125 0.1083984375 0.56640625 0.142578125 0.5302734375 0.1484375 0.4931640625 0.140625 0.4658203125 0.125 0.4404296875 0.1005859375 0.419921875 0.0595703125 0.41015625 0.0341796875 0.41015625 0.0166015625 0.416015625
0 0.1708984375 0.70703125 0.1494140625 0.701171875 0.1083984375 0.71875 0.0859375 0.7392578125 0.0625 0.7802734375 0.0546875 0.8076171875 0.0517578125 0.87109375 0.064453125 0.9169921875 0.0927734375 0.935546875 0.1396484375 0.935546875 0.173828125 0.9111328125 0.203125 0.8701171875 0.21875 0.8251953125 0.212890625 0.7587890625 0.201171875 0.7314453125 0.1904296875 0.720703125 0.1708984375 0.70703125
0 0.40625 0.5947265625 0.3818359375 0.57421875 0.3681640625 0.5703125 0.3154296875 0.5703125 0.2802734375 0.5859375 0.26171875 0.6025390625 0.248046875 0.6396484375 0.2490234375 0.65625 0.26171875 0.6787109375 0.2822265625 0.69921875 0.2958984375 0.70703125 0.3623046875 0.705078125 0.373046875 0.6982421875 0.3818359375 0.69140625 0.404296875 0.6728515625 0.41796875 0.6435546875 0.419921875 0.6240234375 0.40625 0.5947265625
0 0.828125 0.6962890625 0.7998046875 0.671875 0.7724609375 0.66796875 0.7412109375 0.677734375 0.71875 0.7001953125 0.7158203125 0.73828125 0.720703125 0.7646484375 0.736328125 0.8017578125 0.7548828125 0.826171875 0.7861328125 0.84765625 0.8076171875 0.849609375 0.8232421875 0.845703125 0.85546875 0.8193359375 0.86328125 0.7978515625 0.861328125 0.7724609375 0.828125 0.6962890625
0 1 0.7353515625 0.9765625 0.6923828125 0.9658203125 0.681640625 0.9384765625 0.671875 0.9150390625 0.671875 0.8974609375 0.6796875 0.8828125 0.6982421875 0.876953125 0.7138671875 0.8740234375 0.759765625 0.875 0.7783203125 0.88671875 0.8154296875 0.896484375 0.8330078125 0.9169921875 0.8515625 0.9287109375 0.85546875 0.9521484375 0.853515625 0.9794921875 0.837890625 0.99609375 0.8212890625 1 0.8115234375 1 0.7353515625
0 0.7705078125 1 0.779296875 0.9833984375 0.775390625 0.9462890625 0.763671875 0.9189453125 0.7490234375 0.908203125 0.7099609375 0.90234375 0.6845703125 0.904296875 0.6474609375 0.91796875 0.61328125 0.9482421875 0.599609375 0.9677734375 0.5986328125 0.99609375 0.6005859375 1 0.7705078125 1