0 0.849609375 0.78125 0.826171875 0.76953125 0.798828125 0.76953125 0.787109375 0.7734375 0.76953125 0.791015625 0.75390625 0.818359375 0.75 0.830078125 0.751953125 0.89453125 0.765625 0.931640625 0.78515625 0.951171875 0.791015625 0.96484375 0.853515625 0.96875 0.890625 0.943359375 0.90234375 0.908203125 0.90234375 0.873046875 0.890625 0.837890625 0.8671875 0.798828125 0.849609375 0.78125
0 0.955078125 0.66796875 0.935546875 0.66015625 0.923828125 0.6484375 0.908203125 0.6484375 0.878125 0.652734375 0.866796875 0.685546875 0.873046875 0.71875 0.8828125 0.740234375 0.896484375 0.75390625 0.9328125 0.778515625 0.958984375 0.778125 0.9765625 0.76875 0.9890625 0.74375 0.997265625 0.725390625 0.984375 0.697265625 0.98046875 0.689453125 0.955078125 0.66796875
0 0.926953125 0.58046875 0.931640625 0.61328125 0.93359375 0.634765625 0.94140625 0.650390625 0.970703125 0.67578125 0.998046875 0.68359375 1 0.505859375 0.994140625 0.5 0.955078125 0.51953125 0.9375 0.537109375 0.9296875 0.552734375 0.926953125 0.58046875
0 0.388671875 0.65234375 0.357421875 0.63671875 0.337890625 0.63671875 0.322265625 0.64453125 0.30859375 0.658203125 0.28125 0.689453125 0.27734375 0.701171875 0.279296875 0.75 0.30078125 0.798828125 0.337890625 0.8359375 0.349609375 0.8359375 0.388671875 0.828125 0.416015625 0.8203125 0.44140625 0.798828125 0.453125 0.763671875 0.44921875 0.728515625 0.4296875 0.689453125 0.388671875 0.65234375
0 0.25 0.759765625 0.216796875 0.72265625 0.173828125 0.69921875 0.146484375 0.69921875 0.09765625 0.740234375 0.08203125 0.771484375 0.083984375 0.80078125 0.1015625 0.845703125 0.126953125 0.875 0.146484375 0.890625 0.193359375 0.90625 0.2203125 0.90390625 0.244140625 0.890625 0.26171875 0.873046875 0.27734375 0.837890625 0.2734375 0.802734375 0.25 0.759765625
0 0.330078125 0.3125 0.275390625 0.27734375 0.236328125 0.27734375 0.185546875 0.30078125 0.17578125 0.318359375 0.177734375 0.36328125 0.19140625 0.396484375 0.232421875 0.4375 0.248046875 0.44140625 0.315068675 0.45025170625 0.353515625 0.44140625 0.390625 0.423828125 0.38671875 0.365234375 0.37890625 0.345703125 0.345703125 0.31640625 0.330078125 0.3125
0 0.689453125 0.30859375 0.646484375 0.30078125 0.611328125 0.30078125 0.591796875 0.30859375 0.55859375 0.345703125 0.53515625 0.388671875 0.529296875 0.4375 0.546875 0.474609375 0.587890625 0.515625 0.630859375 0.515625 0.658203125 0.50390625 0.68359375 0.478515625 0.70703125 0.431640625 0.72265625 0.380859375 0.7265625 0.365234375 0.72265625 0.333984375 0.689453125 0.30859375
0 0.810546875 0.1875 0.759765625 0.19140625 0.732421875 0.203125 0.7109375 0.220703125 0.69140625 0.255859375 0.689453125 0.29296875 0.705078125 0.3046875 0.732421875 0.32421875 0.767578125 0.33203125 0.787109375 0.33203125 0.822265625 0.3125 0.84375 0.294921875 0.86338609375 0.2748117390625 0.86328125 0.244140625 0.8471508203125 0.20947465312500002 0.810546875 0.1875
0 0.787109375 0 0.76953125 0.037109375 0.76171875 0.095703125 0.763671875 0.1171875 0.76953125 0.138671875 0.78125 0.158203125 0.806640625 0.17578125 0.841796875 0.171875 0.873046875 0.15625 0.890625 0.138671875 0.9140625 0.091796875 0.9267432687499999 0.052665648437500004 0.921875 0.009765625 0.912109375 0 0.787109375 0
0 0.572265625 0 0.546875 0.037109375 0.548828125 0.05859375 0.55078125 0.068359375 0.57421875 0.099609375 0.611328125 0.1328125 0.681640625 0.15234375 0.708984375 0.15234375 0.728515625 0.14453125 0.75 0.119140625 0.7578125 0.076171875 0.749343184375 0.0467282109375 0.7137047734374999 0.020989359375 0.6717306484375001 0 0.572265625 0
1 0.3828125 0.232421875 0.3828125 0.216796875 0.37109375 0.193359375 0.345703125 0.16015625 0.314453125 0.1640625 0.30078125 0.177734375 0.28515625 0.208984375 0.287109375 0.23046875 0.29296875 0.248046875 0.29296875 0.275390625 0.296875 0.283203125 0.322265625 0.3046875 0.353515625 0.31640625 0.365234375 0.328125 0.376953125 0.328125 0.39453125 0.298828125 0.39453125 0.267578125 0.3828125 0.232421875
0 0.137890625 0.615625 0.116796875 0.576171875 0.098046875 0.55234375 0.058984375 0.53125 0.021484375 0.516796875 0.00234375 0.516015625 0.00078125 0.518359375 0 0.66328125 0.025 0.696484375 0.050390625 0.715234375 0.079296875 0.719921875 0.10546875 0.713671875 0.12734375 0.689453125 0.139453125 0.65546875 0.137890625 0.615625
0 0.1609375 0.471484375 0.15390625 0.44375 0.13671875 0.41953125 0.109765625 0.390234375 0.0796875 0.372265625 0.046875 0.36484375 0 0.40859375 0.000390625 0.467578125 0.0203125 0.5015625 0.05234375 0.52578125 0.091015625 0.541015625 0.1234375 0.5453125 0.14609375 0.535546875 0.158203125 0.51484375 0.1609375 0.471484375
0 0.284765625 0.651953125 0.3140625 0.630859375 0.326953125 0.6046875 0.316015625 0.543359375 0.290234375 0.504296875 0.254296875 0.471484375 0.225390625 0.459765625 0.196484375 0.4609375 0.176953125 0.4703125 0.169921875 0.484765625 0.1703125 0.518359375 0.16171875 0.546875 0.1484375 0.572265625 0.160546875 0.608203125 0.18984375 0.633984375 0.23359375 0.6578125 0.284765625 0.651953125