0 0.185546875 0.921875 0.203125 0.904296875 0.21875 0.880859375 0.234375 0.845703125 0.234375 0.794921875 0.22265625 0.771484375 0.173828125 0.76953125 0.13671875 0.787109375 0.125 0.802734375 0.10546875 0.845703125 0.1015625 0.900390625 0.111328125 0.9140625 0.134765625 0.92578125 0.154296875 0.9296875 0.185546875 0.921875
0 0.421875 0.810546875 0.42578125 0.787109375 0.426953125 0.75546875 0.421875 0.728515625 0.408203125 0.7109375 0.39453125 0.705078125 0.345703125 0.70703125 0.318359375 0.71875 0.29453125 0.73828125 0.2734375 0.771484375 0.2734375 0.787109375 0.28515625 0.802734375 0.28515625 0.830078125 0.2734375 0.849609375 0.2734375 0.873046875 0.279296875 0.8828125 0.302734375 0.8984375 0.337890625 0.8984375 0.361328125 0.890625 0.40625 0.841796875 0.421875 0.810546875
0 0.30078125 0.451171875 0.30859375 0.435546875 0.316015625 0.39921875 0.3125 0.373046875 0.287109375 0.34765625 0.2421875 0.341796875 0.208984375 0.34765625 0.189453125 0.359375 0.15625 0.392578125 0.14453125 0.419921875 0.140625 0.451171875 0.15625 0.498046875 0.169921875 0.5078125 0.208984375 0.5078125 0.251953125 0.4921875 0.275390625 0.4765625 0.30078125 0.451171875
0 0.119140625 0.41015625 0.15625 0.361328125 0.16796875 0.326171875 0.171875 0.279296875 0.15625 0.244140625 0.140625 0.232421875 0.1109375 0.222265625 0.080078125 0.23046875 0.072265625 0.234375 0.04296875 0.271484375 0.02734375 0.302734375 0.0234375 0.369140625 0.03515625 0.396484375 0.064453125 0.41796875 0.099609375 0.41796875 0.119140625 0.41015625
0 0.138671875 0.125 0.173828125 0.12109375 0.20703125 0.080078125 0.2109375 0.060546875 0.2109375 0.013671875 0.20703125 0.001953125 0.056640625 0 0.05078125 0.013671875 0.05078125 0.056640625 0.0625 0.087890625 0.099609375 0.12109375 0.119140625 0.125 0.138671875 0.125
0 0.333984375 0.125 0.36328125 0.119140625 0.390625 0.080078125 0.39453125 0.048828125 0.390625 0.017578125 0.38671875 0.001953125 0.265625 0.001953125 0.2578125 0.025390625 0.25390625 0.056640625 0.26953125 0.095703125 0.291015625 0.12109375 0.312109375 0.126953125 0.333984375 0.125
0 0.763671875 0 0.7578125 0.005859375 0.7578125 0.021484375 0.7734375 0.056640625 0.791015625 0.07421875 0.810546875 0.0859375 0.822265625 0.08984375 0.86328125 0.09375 0.900390625 0.08984375 0.916015625 0.08203125 0.94140625 0.056640625 0.945703125 0 0.763671875 0
0 0.64453125 0.216796875 0.65625 0.181640625 0.65625 0.146484375 0.6328125 0.126953125 0.619140625 0.10546875 0.59375 0.095703125 0.564453125 0.09375 0.541015625 0.1015625 0.513671875 0.1171875 0.4921875 0.142578125 0.484375 0.162109375 0.48046875 0.205078125 0.48828125 0.224609375 0.501953125 0.2421875 0.556640625 0.2578125 0.599609375 0.25390625 0.623046875 0.2421875 0.64453125 0.216796875
0 0.70703125 0.458984375 0.71875 0.423828125 0.71484375 0.396484375 0.71875 0.392578125 0.71875 0.365234375 0.69140625 0.341796875 0.646484375 0.33984375 0.634765625 0.34375 0.578125 0.396484375 0.56640625 0.416015625 0.56640625 0.470703125 0.580078125 0.48828125 0.607421875 0.5 0.638671875 0.5 0.662109375 0.4921875 0.669921875 0.48046875 0.70703125 0.458984375
0 0.88671875 0.427734375 0.890625 0.423828125 0.890625 0.408203125 0.8828125 0.392578125 0.8828125 0.384765625 0.8671875 0.373046875 0.810546875 0.37109375 0.791015625 0.3828125 0.765625 0.408203125 0.7578125 0.427734375 0.75390625 0.458984375 0.76171875 0.474609375 0.76171875 0.486328125 0.775390625 0.50390625 0.783203125 0.5078125 0.814453125 0.5078125 0.833984375 0.49609375 0.841796875 0.49609375 0.857421875 0.48828125 0.87109375 0.474609375 0.8828125 0.455078125 0.88671875 0.427734375
0 0.70703125 0.634765625 0.70703125 0.603515625 0.69921875 0.583984375 0.681640625 0.5625 0.662109375 0.546875 0.65234375 0.544921875 0.611328125 0.54296875 0.578125 0.564453125 0.5546875 0.603515625 0.5546875 0.646484375 0.56640625 0.685546875 0.587890625 0.71484375 0.611328125 0.73046875 0.630859375 0.734375 0.654296875 0.7265625 0.6796875 0.705078125 0.703125 0.654296875 0.70703125 0.634765625
0 1 0.759765625 0.9921875 0.740234375 0.974609375 0.72265625 0.93359375 0.716796875 0.904296875 0.71484375 0.884765625 0.71875 0.857421875 0.734375 0.84765625 0.748046875 0.83984375 0.771484375 0.83984375 0.802734375 0.84765625 0.826171875 0.884765625 0.8515625 0.916015625 0.8671875 0.944921875 0.868359375 0.962890625 0.8671875 0.974609375 0.86328125 0.9921875 0.845703125 1 0.822265625 1 0.759765625
0 1 0.236328125 0.982421875 0.24609375 0.94921875 0.279296875 0.9296875 0.322265625 0.92578125 0.373046875 0.9296875 0.392578125 0.9359375 0.4203125 0.9453125 0.443359375 0.962890625 0.45703125 0.9828125 0.463671875 1 0.455078125 1 0.236328125
0 0.080078125 0.75390625 0.064453125 0.74609375 0.052734375 0.734375 0.044921875 0.734375 0.033203125 0.72265625 0.0078125 0.716796875 0 0.716796875 0.001953125 0.8984375 0.021484375 0.89453125 0.033203125 0.8828125 0.052734375 0.875 0.076171875 0.85546875 0.09375 0.837890625 0.11328125 0.802734375 0.11328125 0.791015625 0.10546875 0.779296875 0.080078125 0.75390625