0 0.632421875 0.875 0.60234375 0.883984375 0.571484375 0.9015625 0.544921875 0.9296875 0.53671875 0.969140625 0.54453125 0.99765625 0.71171875 1 0.733203125 0.959375 0.731640625 0.928515625 0.7234375 0.90546875 0.6984375 0.887109375 0.665625 0.877734375 0.632421875 0.875
0 0.64921875 0.7109375 0.599609375 0.721484375 0.571484375 0.742578125 0.565234375 0.780859375 0.579296875 0.81328125 0.596484375 0.830078125 0.633984375 0.85859375 0.68203125 0.86796875 0.73984375 0.85703125 0.7984375 0.825390625 0.810546875 0.78359375 0.79609375 0.751171875 0.75546875 0.72421875 0.695703125 0.708984375 0.64921875 0.7109375
0 0.8078125 0.548828125 0.76953125 0.552734375 0.72890625 0.56328125 0.69453125 0.58125 0.676171875 0.60703125 0.67109375 0.638671875 0.68438078125 0.671484375 0.70313078125 0.6984375 0.75664640625 0.711328125 0.81836515625 0.70234375 0.85352140625 0.687890625 0.88047453125 0.6671875 0.90117765625 0.644921875 0.90508390625 0.61328125 0.89180265625 0.58671875 0.844921875 0.55625 0.8078125 0.548828125
0 0.9679783593750001 0.2171875 0.89727140625 0.19609375 0.8421932812499999 0.1921875 0.80274015625 0.208984375 0.77539640625 0.233203125 0.75859953125 0.2515625 0.7480564843749999 0.271875 0.747275234375 0.30078125 0.766025234375 0.333203125 0.8004002343750001 0.352734375 0.8722752343750001 0.365625 0.9246189843750001 0.35703125 0.965243984375 0.334765625 0.988290859375 0.31015625 0.9988377343750001 0.276953125 0.9929783593750001 0.237890625 0.9679783593750001 0.2171875
0 0.841801796875 0 0.8425877343750001 0.0171875 0.851572109375 0.0484375 0.875400234375 0.08984375 0.9097752343750001 0.119140625 0.9445408593750001 0.1390625 0.968759609375 0.146484375 1 0.1484375 1 0 0.841801796875 0
0 0.839067421875 0.037890625 0.812504921875 0.0109375 0.779301796875 0 0.707426796875 0.001953125 0.690629921875 0.008984375 0.675395546875 0.023046875 0.677739296875 0.051953125 0.683208046875 0.08828125 0.700786171875 0.124609375 0.742192421875 0.15859375 0.780473671875 0.178125 0.821489296875 0.18671875 0.870708046875 0.180078125 0.895317421875 0.15859375 0.903520546875 0.128125 0.892583046875 0.104296875 0.871489296875 0.089453125 0.857817421875 0.065625 0.839067421875 0.037890625
0 0.571875 0.00078125 0.551171875 0.0140625 0.5375 0.028125 0.533984375 0.03828125 0.526171875 0.06015625 0.524609375 0.09453125 0.5390625 0.128125 0.567578125 0.15546875 0.599609375 0.172265625 0.63125 0.173828125 0.666796875 0.166015625 0.69140625 0.148828125 0.697265625 0.134375 0.691796875 0.112890625 0.683203125 0.089453125 0.676953125 0.065234375 0.666015625 0.04609375 0.61875 0.014453125 0.571875 0.00078125
0 0.687890625 0.185546875 0.634375 0.176171875 0.59453125 0.1796875 0.5546875 0.20078125 0.549609375 0.219140625 0.56796875 0.23984375 0.5859375 0.2640625 0.590625 0.285546875 0.5921875 0.303125 0.598828125 0.31484375 0.62421875 0.330859375 0.650390625 0.338671875 0.68125 0.34296875 0.71796875 0.326171875 0.73671875 0.309765625 0.74375 0.278515625 0.743359375 0.246875 0.736328125 0.222265625 0.717578125 0.2015625 0.687890625 0.185546875
0 0.546484375 0.223828125 0.530078125 0.204296875 0.506640625 0.19296875 0.46484375 0.18828125 0.426171875 0.1890625 0.39296875 0.196484375 0.39375 0.195703125 0.375 0.2046875 0.3640625 0.222265625 0.35859375 0.2578125 0.366015625 0.287890625 0.390625 0.320703125 0.43828125 0.346484375 0.469140625 0.35546875 0.512890625 0.36328125 0.546484375 0.35859375 0.569140625 0.35 0.584765625 0.33203125 0.587890625 0.308203125 0.582421875 0.276953125 0.56953125 0.25234375 0.546484375 0.223828125
0 0.3375 0 0.323828125 0.01171875 0.31171875 0.03515625 0.305859375 0.072265625 0.30703125 0.109375 0.312109375 0.130859375 0.338671875 0.15703125 0.373828125 0.1671875 0.435546875 0.140234375 0.474609375 0.1140625 0.502734375 0.091796875 0.5109375 0.0484375 0.50234375 0.01328125 0.45625 0 0.3375 0
0 0.304296875 0.051171875 0.267578125 0.001171875 0.190625 0 0.159375 0.01953125 0.149609375 0.05390625 0.148046875 0.102734375 0.203515625 0.134375 0.241015625 0.151953125 0.275 0.152734375 0.300390625 0.141015625 0.305078125 0.11640625 0.30625 0.084375 0.304296875 0.051171875
0 0.30859375 0.28203125 0.257421875 0.241796875 0.21328125 0.228515625 0.178515625 0.22890625 0.14765625 0.24140625 0.13359375 0.25859375 0.118359375 0.29140625 0.116796875 0.326953125 0.130078125 0.36171875 0.1609375 0.394921875 0.212109375 0.428515625 0.262890625 0.44609375 0.31015625 0.432421875 0.33671875 0.40078125 0.34921875 0.363671875 0.334765625 0.32578125 0.30859375 0.28203125
0 0.328125 0.56171875 0.3078125 0.589453125 0.30234375 0.6234375 0.311328125 0.6671875 0.34375 0.697265625 0.380078125 0.711328125 0.40234375 0.71328125 0.43828125 0.71796875 0.4828125 0.704296875 0.5203125 0.68046875 0.548828125 0.65078125 0.549609375 0.60234375 0.532421875 0.58125 0.478125 0.5515625 0.420703125 0.53984375 0.36953125 0.54375 0.328125 0.56171875
0 0.337890625 0.745703125 0.290625 0.729296875 0.237109375 0.726171875 0.19296875 0.733984375 0.16015625 0.74765625 0.13515625 0.780078125 0.128515625 0.805859375 0.138671875 0.832421875 0.1609375 0.8578125 0.205078125 0.875390625 0.238671875 0.876953125 0.289453125 0.87734375 0.334765625 0.858984375 0.366015625 0.829296875 0.37421875 0.802734375 0.36640625 0.7703125 0.337890625 0.745703125