0 0.7299837546875 0.8358053562500001 0.67497648125 0.83745970625 0.6278273875 0.8515217187499999 0.5901908312499999 0.8841952109375001 0.5724065234375 0.9090105234375001 0.5794375265625 0.9396160734375 0.5839870046875 0.949128609375 0.6096294921875 0.9751846875 0.6625688234375 0.988833109375 0.709304328125 0.9904874640625 0.7721697859375001 0.970221625 0.7973986828124999 0.9470606687500001 0.80608404375 0.9143871765625 0.8089791640625 0.8841952109375001 0.7866453828125 0.8494537781249999 0.7299837546875 0.8358053562500001
0 0.9384323703125 0.7568099453125 0.91113553125 0.7518468828125 0.8817707421875 0.7530876484375 0.850338015625 0.762600184375 0.8275906484375 0.77459425 0.8023617453125 0.7948600906250001 0.7882997375 0.8233976984375 0.7907812703125 0.8453178906250001 0.7961579171875 0.8622750187499999 0.8139422265625 0.883368034375 0.837930359375 0.8982572234375 0.8751533281249999 0.9094241140625 0.9214752421875 0.908596934375 0.94711773125 0.8949485125000001 0.9384323703125 0.7568099453125
0 0.6820074843749999 0.5487749140625 0.664636765625 0.586411471875 0.67166776875 0.6194985546875 0.68490260625 0.6426595125000001 0.7188168640625 0.668715590625 0.7556262421875 0.6860863046875 0.7986394484375 0.694358078125 0.8408254812499999 0.6860863046875 0.86646796875 0.66499329375 0.8751533281249999 0.63604209375 0.8751533281249999 0.5955104171875 0.858609784375 0.5677999890625001 0.828004234375 0.54546620625 0.787058971875 0.5318177859375 0.741564234375 0.5314041953124999 0.704341265625 0.5417439109375 0.6820074843749999 0.5487749140625
0 0.51953125 0.693359375 0.5234375 0.658203125 0.51171875 0.626953125 0.4884480546875 0.5963375937500001 0.463219153125 0.5781397 0.42310106718749996 0.5682135749999999 0.380859375 0.5703125 0.353515625 0.578125 0.328515625 0.590625 0.3125 0.615234375 0.303515625 0.639453125 0.3125 0.673828125 0.33203125 0.701171875 0.345703125 0.71875 0.388671875 0.7421875 0.431640625 0.74609375 0.458984375 0.7421875 0.498046875 0.7265625 0.51953125 0.693359375
0 0.117578125 0.73046875 0.09453125 0.756640625 0.0796875 0.78515625 0.075390625 0.81015625 0.073828125 0.83046875 0.078125 0.862890625 0.08046875 0.871875 0.10546875 0.893359375 0.144140625 0.90390625 0.18203125 0.898046875 0.219140625 0.876171875 0.244921875 0.846484375 0.259375 0.819140625 0.265625 0.7953125 0.265625 0.759765625 0.25078125 0.728125 0.2234375 0.712109375 0.190625 0.70859375 0.15390625 0.716796875 0.117578125 0.73046875
0 0 0.64140625 0.0109375 0.6578125 0.037109375 0.678125 0.059767265624999996 0.694921875 0.10742351562500001 0.71015625 0.154689140625 0.705859375 0.187892265625 0.687109375 0.204689140625 0.666796875 0.213282890625 0.620703125 0.19882976562500002 0.58984375 0.168361015625 0.562109375 0.11484539062500002 0.549609375 0.071876640625 0.55234375 0.036329765624999996 0.566015625 0.017970390625 0.580859375 0 0.596875 0 0.64140625
0 0.396484375 0.051171875 0.364453125 0.067578125 0.344140625 0.09453125 0.339453125 0.129296875 0.346484375 0.153125 0.358984375 0.175 0.376953125 0.194921875 0.411328125 0.205078125 0.46015625 0.208203125 0.500390625 0.196484375 0.5203125 0.17890625 0.540234375 0.161328125 0.56171875 0.12734375 0.562890625 0.095703125 0.550390625 0.075390625 0.516796875 0.054296875 0.4671875 0.044140625 0.42421875 0.044140625 0.396484375 0.051171875
0 0.608984375 0.21015625 0.565625 0.2078125 0.53359375 0.2140625 0.5140625 0.223046875 0.494921875 0.24296875 0.48203125 0.2671875 0.4828125 0.298046875 0.490234375 0.32890625 0.50546875 0.358203125 0.529296875 0.3796875 0.563671875 0.38828125 0.599609375 0.37890625 0.626171875 0.361328125 0.651953125 0.333984375 0.676171875 0.291015625 0.67734375 0.25859375 0.668359375 0.23671875 0.64765625 0.218359375 0.608984375 0.21015625
0 0.68671875 0.033984375 0.65234375 0.039453125 0.620703125 0.053515625 0.5875 0.071875 0.57421875 0.1046875 0.5765625 0.138671875 0.5984375 0.171875 0.63671875 0.191796875 0.690625 0.198046875 0.73359375 0.1828125 0.769921875 0.160546875 0.7828125 0.12265625 0.778515625 0.08984375 0.760546875 0.05859375 0.73671875 0.033203125 0.68671875 0.033984375
0 0.797265625 0.449609375 0.827734375 0.445703125 0.868359375 0.434375 0.9 0.41484375 0.883984375 0.295703125 0.86953125 0.285546875 0.847265625 0.276953125 0.813671875 0.279296875 0.7734375 0.28828125 0.728515625 0.308203125 0.703125 0.32890625 0.68515625 0.355859375 0.683203125 0.384765625 0.69140625 0.4109375 0.716796875 0.426171875 0.756640625 0.444921875 0.797265625 0.449609375
0 0.047265625 1 0.07265625 0.99609375 0.09453125 0.989453125 0.11015625 0.98046875 0.12890625 0.96640625 0.135546875 0.95078125 0.13671875 0.93203125 0.130859375 0.919140625 0.118359375 0.902734375 0.0859375 0.88203125 0.068359375 0.85625 0.033984375 0.844921875 0.0125 0.841015625 0 0.843359375 0 1 0.047265625 1