0 0.837890625 0.109375 0.798828125 0.1328125 0.78125 0.150390625 0.76953125 0.173828125 0.76953125 0.201171875 0.7734375 0.212890625 0.791015625 0.23046875 0.818359375 0.24609375 0.830078125 0.25 0.89453125 0.248046875 0.931640625 0.234375 0.951171875 0.21484375 0.96484375 0.208984375 0.96875 0.146484375 0.943359375 0.109375 0.908203125 0.09765625 0.873046875 0.09765625 0.837890625 0.109375
0 0.697265625 0.015625 0.689453125 0.01953125 0.66796875 0.044921875 0.66015625 0.064453125 0.6484375 0.076171875 0.6484375 0.091796875 0.652734375 0.121875 0.685546875 0.133203125 0.71875 0.126953125 0.740234375 0.1171875 0.75390625 0.103515625 0.778515625 0.0671875 0.778125 0.041015625 0.76875 0.0234375 0.74375 0.0109375 0.725390625 0.002734375 0.697265625 0.015625
0 0.537109375 0.0625 0.552734375 0.0703125 0.58046875 0.073046875 0.61328125 0.068359375 0.634765625 0.06640625 0.650390625 0.05859375 0.67578125 0.029296875 0.68359375 0.001953125 0.505859375 0 0.5 0.005859375 0.51953125 0.044921875 0.537109375 0.0625
0 0.728515625 0.55078125 0.689453125 0.5703125 0.65234375 0.611328125 0.63671875 0.642578125 0.63671875 0.662109375 0.64453125 0.677734375 0.658203125 0.69140625 0.689453125 0.71875 0.701171875 0.72265625 0.75 0.720703125 0.798828125 0.69921875 0.8359375 0.662109375 0.8359375 0.650390625 0.828125 0.611328125 0.8203125 0.583984375 0.798828125 0.55859375 0.763671875 0.546875 0.728515625 0.55078125
0 0.837890625 0.72265625 0.802734375 0.7265625 0.759765625 0.75 0.72265625 0.783203125 0.69921875 0.826171875 0.69921875 0.853515625 0.740234375 0.90234375 0.771484375 0.91796875 0.80078125 0.916015625 0.845703125 0.8984375 0.875 0.873046875 0.890625 0.853515625 0.90625 0.806640625 0.90390625 0.7796875 0.890625 0.755859375 0.873046875 0.73828125 0.837890625 0.72265625
0 0.345703125 0.62109375 0.31640625 0.654296875 0.3125 0.669921875 0.27734375 0.724609375 0.27734375 0.763671875 0.30078125 0.814453125 0.318359375 0.82421875 0.36328125 0.822265625 0.396484375 0.80859375 0.4375 0.767578125 0.44140625 0.751953125 0.45025170625 0.684931325 0.44140625 0.646484375 0.423828125 0.609375 0.365234375 0.61328125 0.345703125 0.62109375
0 0.365234375 0.2734375 0.333984375 0.27734375 0.30859375 0.310546875 0.30078125 0.353515625 0.30078125 0.388671875 0.30859375 0.408203125 0.345703125 0.44140625 0.388671875 0.46484375 0.4375 0.470703125 0.474609375 0.453125 0.515625 0.412109375 0.515625 0.369140625 0.50390625 0.341796875 0.478515625 0.31640625 0.431640625 0.29296875 0.380859375 0.27734375 0.365234375 0.2734375
0 0.244140625 0.13671875 0.20947465312500002 0.1528491796875 0.1875 0.189453125 0.19140625 0.240234375 0.203125 0.267578125 0.220703125 0.2890625 0.255859375 0.30859375 0.29296875 0.310546875 0.3046875 0.294921875 0.32421875 0.267578125 0.33203125 0.232421875 0.33203125 0.212890625 0.3125 0.177734375 0.294921875 0.15625 0.2748117390625 0.13661390625 0.244140625 0.13671875
0 0 0.212890625 0.037109375 0.23046875 0.095703125 0.23828125 0.1171875 0.236328125 0.138671875 0.23046875 0.158203125 0.21875 0.17578125 0.193359375 0.171875 0.158203125 0.15625 0.126953125 0.138671875 0.109375 0.091796875 0.0859375 0.052665648437500004 0.07325673125 0.009765625 0.078125 0 0.087890625 0 0.212890625
0 0 0.427734375 0.037109375 0.453125 0.05859375 0.451171875 0.068359375 0.44921875 0.099609375 0.42578125 0.1328125 0.388671875 0.15234375 0.318359375 0.15234375 0.291015625 0.14453125 0.271484375 0.119140625 0.25 0.076171875 0.2421875 0.0467282109375 0.25065681562500003 0.020989359375 0.2862952265625 0 0.32826935156250003 0 0.427734375
1 0.298828125 0.60546875 0.267578125 0.60546875 0.232421875 0.6171875 0.216796875 0.6171875 0.193359375 0.62890625 0.16015625 0.654296875 0.1640625 0.685546875 0.177734375 0.69921875 0.208984375 0.71484375 0.23046875 0.712890625 0.248046875 0.70703125 0.275390625 0.70703125 0.283203125 0.703125 0.3046875 0.677734375 0.31640625 0.646484375 0.328125 0.634765625 0.328125 0.623046875 0.298828125 0.60546875
0 0.689453125 0.87265625 0.65546875 0.860546875 0.615625 0.862109375 0.576171875 0.883203125 0.55234375 0.901953125 0.53125 0.941015625 0.516796875 0.978515625 0.516015625 0.99765625 0.518359375 0.99921875 0.66328125 1 0.696484375 0.975 0.715234375 0.949609375 0.719921875 0.920703125 0.713671875 0.89453125 0.689453125 0.87265625
0 0.535546875 0.85390625 0.51484375 0.841796875 0.471484375 0.8390625 0.44375 0.84609375 0.41953125 0.86328125 0.390234375 0.890234375 0.372265625 0.9203125 0.36484375 0.953125 0.40859375 1 0.467578125 0.999609375 0.5015625 0.9796875 0.52578125 0.94765625 0.541015625 0.908984375 0.5453125 0.8765625 0.535546875 0.85390625
0 0.633984375 0.81015625 0.6578125 0.76640625 0.651953125 0.715234375 0.630859375 0.6859375 0.6046875 0.673046875 0.543359375 0.683984375 0.504296875 0.709765625 0.471484375 0.745703125 0.459765625 0.774609375 0.4609375 0.803515625 0.4703125 0.823046875 0.484765625 0.830078125 0.518359375 0.8296875 0.546875 0.83828125 0.572265625 0.8515625 0.608203125 0.839453125 0.633984375 0.81015625