0 0.8358053562500001 0.2700162453125 0.83745970625 0.32502351875 0.8515217187499999 0.3721726125 0.8841952109375001 0.40980916875 0.9090105234375001 0.4275934765625 0.9396160734375 0.42056247343750003 0.949128609375 0.41601299531249997 0.9751846875 0.3903705078125 0.988833109375 0.3374311765625 0.9904874640625 0.290695671875 0.970221625 0.2278302140625 0.9470606687500001 0.2026013171875 0.9143871765625 0.19391595625 0.8841952109375001 0.19102083593750002 0.8494537781249999 0.21335461718749998 0.8358053562500001 0.2700162453125
0 0.7568099453125 0.0615676296875 0.7518468828125 0.08886446875000001 0.7530876484375 0.1182292578125 0.762600184375 0.149661984375 0.77459425 0.17240935156249998 0.7948600906250001 0.19763825468750001 0.8233976984375 0.2117002625 0.8453178906250001 0.20921872968750002 0.8622750187499999 0.2038420828125 0.883368034375 0.18605777343750002 0.8982572234375 0.162069640625 0.9094241140625 0.12484667187500001 0.908596934375 0.0785247578125 0.8949485125000001 0.05288226875 0.7568099453125 0.0615676296875
0 0.5487749140625 0.31799251562499997 0.586411471875 0.33536323437500004 0.6194985546875 0.32833223125 0.6426595125000001 0.31509739375 0.668715590625 0.2811831359375 0.6860863046875 0.24437375781249998 0.694358078125 0.20136055156250002 0.6860863046875 0.15917451875 0.66499329375 0.13353203125 0.63604209375 0.12484667187500001 0.5955104171875 0.12484667187500001 0.5677999890625001 0.141390215625 0.54546620625 0.17199576562500002 0.5318177859375 0.21294102812500001 0.5314041953124999 0.258435765625 0.5417439109375 0.295658734375 0.5487749140625 0.31799251562499997
0 0.693359375 0.48046875 0.658203125 0.4765625 0.626953125 0.48828125 0.5963375937500001 0.5115519453124999 0.5781397 0.5367808468749999 0.5682135749999999 0.5768989328125 0.5703125 0.619140625 0.578125 0.646484375 0.590625 0.671484375 0.615234375 0.6875 0.639453125 0.696484375 0.673828125 0.6875 0.701171875 0.66796875 0.71875 0.654296875 0.7421875 0.611328125 0.74609375 0.568359375 0.7421875 0.541015625 0.7265625 0.501953125 0.693359375 0.48046875
0 0.73046875 0.882421875 0.756640625 0.90546875 0.78515625 0.9203125 0.81015625 0.924609375 0.83046875 0.926171875 0.862890625 0.921875 0.871875 0.91953125 0.893359375 0.89453125 0.90390625 0.855859375 0.898046875 0.81796875 0.876171875 0.780859375 0.846484375 0.755078125 0.819140625 0.740625 0.7953125 0.734375 0.759765625 0.734375 0.728125 0.74921875 0.712109375 0.7765625 0.70859375 0.809375 0.716796875 0.84609375 0.73046875 0.882421875
0 0.64140625 1 0.6578125 0.9890625 0.678125 0.962890625 0.694921875 0.9402327343750001 0.71015625 0.892576484375 0.705859375 0.8453108593750001 0.687109375 0.8121077343750001 0.666796875 0.795310859375 0.620703125 0.786717109375 0.58984375 0.801170234375 0.562109375 0.8316389843750001 0.549609375 0.885154609375 0.55234375 0.928123359375 0.566015625 0.9636702343750001 0.580859375 0.9820296093750001 0.596875 1 0.64140625 1
0 0.051171875 0.603515625 0.067578125 0.635546875 0.09453125 0.655859375 0.129296875 0.660546875 0.153125 0.653515625 0.175 0.641015625 0.194921875 0.623046875 0.205078125 0.588671875 0.208203125 0.53984375 0.196484375 0.499609375 0.17890625 0.4796875 0.161328125 0.459765625 0.12734375 0.43828125 0.095703125 0.437109375 0.075390625 0.449609375 0.054296875 0.483203125 0.044140625 0.5328125 0.044140625 0.57578125 0.051171875 0.603515625
0 0.21015625 0.391015625 0.2078125 0.434375 0.2140625 0.46640625 0.223046875 0.4859375 0.24296875 0.505078125 0.2671875 0.51796875 0.298046875 0.5171875 0.32890625 0.509765625 0.358203125 0.49453125 0.3796875 0.470703125 0.38828125 0.436328125 0.37890625 0.400390625 0.361328125 0.373828125 0.333984375 0.348046875 0.291015625 0.323828125 0.25859375 0.32265625 0.23671875 0.331640625 0.218359375 0.35234375 0.21015625 0.391015625
0 0.033984375 0.31328125 0.039453125 0.34765625 0.053515625 0.379296875 0.071875 0.4125 0.1046875 0.42578125 0.138671875 0.4234375 0.171875 0.4015625 0.191796875 0.36328125 0.198046875 0.309375 0.1828125 0.26640625 0.160546875 0.230078125 0.12265625 0.2171875 0.08984375 0.221484375 0.05859375 0.239453125 0.033203125 0.26328125 0.033984375 0.31328125
0 0.449609375 0.202734375 0.445703125 0.172265625 0.434375 0.131640625 0.41484375 0.1 0.295703125 0.116015625 0.285546875 0.13046875 0.276953125 0.152734375 0.279296875 0.186328125 0.28828125 0.2265625 0.308203125 0.271484375 0.32890625 0.296875 0.355859375 0.31484375 0.384765625 0.316796875 0.4109375 0.30859375 0.426171875 0.283203125 0.444921875 0.243359375 0.449609375 0.202734375
0 1 0.952734375 0.99609375 0.92734375 0.989453125 0.90546875 0.98046875 0.88984375 0.96640625 0.87109375 0.95078125 0.864453125 0.93203125 0.86328125 0.919140625 0.869140625 0.902734375 0.881640625 0.88203125 0.9140625 0.85625 0.931640625 0.844921875 0.966015625 0.841015625 0.9875 0.843359375 1 1 1 1 0.952734375