0 0.28125 0.0888671875 0.279296875 0.1162109375 0.2890625 0.1591796875 0.3212890625 0.19921875 0.3447265625 0.2109375 0.380859375 0.2099609375 0.3955078125 0.19921875 0.41015625 0.1806640625 0.4140625 0.1572265625 0.41015625 0.1064453125 0.40234375 0.0927734375 0.3583984375 0.05078125 0.3427734375 0.044921875 0.3173828125 0.046875 0.2890625 0.0712890625 0.28125 0.0888671875
0 0.3642578125 0 0.357421875 0.0107421875 0.357421875 0.0302734375 0.361328125 0.0439453125 0.37109375 0.0556640625 0.4091796875 0.087890625 0.4208984375 0.091796875 0.453125 0.0908203125 0.4951171875 0.080078125 0.5107421875 0.072265625 0.525390625 0.0576171875 0.53125 0.0458984375 0.52734375 0.0126953125 0.5126953125 0 0.3642578125 0
0 0.181640625 0.8798828125 0.19140625 0.9072265625 0.2119140625 0.9296875 0.2314453125 0.94140625 0.2607421875 0.953125 0.279296875 0.9521484375 0.3076171875 0.94921875 0.3359375 0.9208984375 0.3359375 0.8818359375 0.3203125 0.8623046875 0.314453125 0.8466796875 0.2763671875 0.8203125 0.2216796875 0.81640625 0.2001953125 0.82421875 0.181640625 0.8486328125 0.181640625 0.8798828125
0 0.326171875 0.8525390625 0.3466796875 0.875 0.3681640625 0.890625 0.3935546875 0.8984375 0.421875 0.8974609375 0.447265625 0.8740234375 0.453125 0.8544921875 0.451171875 0.8173828125 0.443359375 0.7802734375 0.3916015625 0.73046875 0.3603515625 0.728515625 0.3388671875 0.73828125 0.3203125 0.7646484375 0.314453125 0.7998046875 0.326171875 0.8525390625
0 0.375 0.6201171875 0.37109375 0.6416015625 0.373046875 0.6884765625 0.396484375 0.7275390625 0.4208984375 0.75390625 0.4521484375 0.771484375 0.482421875 0.7744140625 0.505859375 0.7626953125 0.521484375 0.7314453125 0.5234375 0.7119140625 0.51171875 0.6416015625 0.49609375 0.6103515625 0.4716796875 0.58203125 0.4443359375 0.5703125 0.4306640625 0.5703125 0.4072265625 0.580078125 0.375 0.6201171875
0 0.0078125 0.4619140625 0.001953125 0.4755859375 0 0.5654296875 0.01171875 0.5888671875 0.0263671875 0.603515625 0.0498046875 0.61328125 0.072265625 0.6142578125 0.0888671875 0.61328125 0.125 0.5927734375 0.138671875 0.5576171875 0.140625 0.5224609375 0.13671875 0.4970703125 0.12109375 0.4658203125 0.0888671875 0.4296875 0.0595703125 0.421875 0.0302734375 0.435546875 0.0078125 0.4619140625
0 0.65625 0.0654296875 0.6484375 0.0908203125 0.65234375 0.1474609375 0.6640625 0.1748046875 0.6806640625 0.1953125 0.7041015625 0.2109375 0.73046875 0.2138671875 0.7548828125 0.208984375 0.7734375 0.1904296875 0.78515625 0.1572265625 0.78515625 0.1162109375 0.7734375 0.0693359375 0.7470703125 0.041015625 0.7197265625 0.02734375 0.6943359375 0.029296875 0.6708984375 0.046875 0.65625 0.0654296875
0 0.8349609375 0.154296875 0.822265625 0.1669921875 0.802734375 0.2060546875 0.8046875 0.2353515625 0.8203125 0.2626953125 0.8408203125 0.2734375 0.869140625 0.2724609375 0.8935546875 0.265625 0.9130859375 0.25390625 0.939453125 0.2255859375 0.9453125 0.2099609375 0.94921875 0.1962890625 0.947265625 0.1572265625 0.935546875 0.1396484375 0.9150390625 0.125 0.8818359375 0.12890625 0.8349609375 0.154296875
0 0.8076171875 0.310546875 0.78125 0.3447265625 0.7734375 0.3701171875 0.7734375 0.4033203125 0.7919921875 0.42578125 0.818359375 0.4326171875 0.8408203125 0.431640625 0.8701171875 0.416015625 0.89453125 0.3896484375 0.90625 0.3662109375 0.908203125 0.3349609375 0.90234375 0.3134765625 0.8720703125 0.28515625 0.8466796875 0.283203125 0.8388671875 0.287109375 0.8076171875 0.310546875
0 0.6015625 0.3779296875 0.595703125 0.4072265625 0.603515625 0.4228515625 0.6103515625 0.427734375 0.6572265625 0.435546875 0.6845703125 0.451171875 0.71484375 0.4521484375 0.7353515625 0.443359375 0.75390625 0.4267578125 0.7578125 0.4189453125 0.7578125 0.4052734375 0.748046875 0.3798828125 0.7138671875 0.3515625 0.6982421875 0.345703125 0.6494140625 0.345703125 0.6123046875 0.3671875 0.6015625 0.3779296875
0 0.5634765625 0.435546875 0.546875 0.4501953125 0.5390625 0.4677734375 0.541015625 0.4794921875 0.5546875 0.5048828125 0.5693359375 0.51953125 0.6064453125 0.5390625 0.65625 0.5439453125 0.6943359375 0.537109375 0.7109375 0.5224609375 0.716796875 0.5087890625 0.716796875 0.4892578125 0.7001953125 0.46875 0.6845703125 0.462890625 0.6630859375 0.443359375 0.6083984375 0.4296875 0.5771484375 0.4296875 0.5634765625 0.435546875
0 0.6298828125 0.552734375 0.6181640625 0.556640625 0.5908203125 0.57421875 0.560546875 0.6064453125 0.556640625 0.6181640625 0.560546875 0.6552734375 0.5888671875 0.67578125 0.62109375 0.6806640625 0.6474609375 0.6796875 0.6689453125 0.673828125 0.6923828125 0.66015625 0.708984375 0.6416015625 0.716796875 0.6162109375 0.71484375 0.5966796875 0.705078125 0.5771484375 0.6787109375 0.556640625 0.6533203125 0.552734375 0.6298828125 0.552734375
0 0.83203125 0.6748046875 0.83203125 0.6884765625 0.837890625 0.7021484375 0.8544921875 0.71875 0.8935546875 0.7265625 0.921875 0.7255859375 0.9599609375 0.705078125 0.98046875 0.6826171875 0.986328125 0.6689453125 0.98046875 0.6259765625 0.9638671875 0.61328125 0.9326171875 0.603515625 0.9130859375 0.60546875 0.8720703125 0.623046875 0.845703125 0.6455078125 0.83203125 0.6748046875
0 0.796875 0.7529296875 0.798828125 0.7822265625 0.814453125 0.8154296875 0.8603515625 0.8671875 0.8896484375 0.8828125 0.916015625 0.8857421875 0.9580078125 0.87890625 0.974609375 0.8544921875 0.978515625 0.8232421875 0.962890625 0.7744140625 0.9443359375 0.755859375 0.9091796875 0.732421875 0.8505859375 0.72265625 0.8369140625 0.72265625 0.8173828125 0.73046875 0.796875 0.7529296875
0 0.623046875 0.7783203125 0.61328125 0.7998046875 0.61328125 0.8193359375 0.6171875 0.8271484375 0.6337890625 0.841796875 0.6533203125 0.8515625 0.693359375 0.8544921875 0.7255859375 0.837890625 0.7841796875 0.828125 0.79296875 0.8193359375 0.796875 0.8115234375 0.794921875 0.7802734375 0.7802734375 0.755859375 0.7490234375 0.740234375 0.6923828125 0.740234375 0.6572265625 0.748046875 0.623046875 0.7783203125
1 0.6796875 0.8876953125 0.677734375 0.9404296875 0.6875 0.9755859375 0.701171875 0.9990234375 0.82421875 0.9990234375 0.837890625 0.9736328125 0.845703125 0.9462890625 0.84375 0.8974609375 0.828125 0.8603515625 0.8076171875 0.84375 0.7822265625 0.833984375 0.7373046875 0.837890625 0.6962890625 0.857421875 0.6875 0.8662109375 0.6796875 0.8876953125
0 0 0.9931640625 0.02734375 0.9931640625 0.0419921875 0.986328125 0.05859375 0.9716796875 0.06640625 0.9541015625 0.064453125 0.9306640625 0.0546875 0.9072265625 0.0439453125 0.896484375 0.0166015625 0.880859375 0 0.878125 0 0.9931640625