0 0.1951153671875 0.390230734375 0.21387646093749998 0.3698019875 0.222214721875 0.332696715625 0.22429928906250002 0.2918392265625 0.2192963328125 0.2639060421875 0.17468662031249999 0.238057425 0.10506212031249999 0.21637794062500001 0.0654553671875 0.20720585156250002 0.0375221875 0.212625721875 0.0237640515625 0.2305529875 0.017927265625 0.2484802546875 0.013758135937499999 0.2664075203125 0.0162596140625 0.2930899640625 0.0225133125 0.3226908 0.033769968750000004 0.3414518953125 0.047945015625 0.3560438546875 0.0804642421875 0.38564469218749997 0.1075636015625 0.398569 0.1404997421875 0.40357195625 0.1726020546875 0.40232121875000004 0.1951153671875 0.390230734375
0 0.280078125 0.4578125 0.299609375 0.467578125 0.3265625 0.4734375 0.3546875 0.47421875 0.37109375 0.47109375 0.40078125 0.4609375 0.421875 0.444140625 0.434765625 0.430078125 0.449609375 0.401171875 0.46328125 0.374609375 0.471484375 0.348046875 0.4734375 0.3265625 0.33125 0.280859375 0.310546875 0.301953125 0.295703125 0.31875 0.282421875 0.338671875 0.26953125 0.36171875 0.26015625 0.396484375 0.259765625 0.41875 0.262890625 0.4390625 0.280078125 0.4578125
0 0.183203125 0.688671875 0.18671875 0.65859375 0.18359375 0.62890625 0.17578125 0.6125 0.159375 0.5984375 0.131640625 0.591015625 0.088671875 0.600390625 0.061328125 0.61640625 0.031640625 0.640625 0.01796875 0.66484375 0.008984375 0.691015625 0.011328125 0.715625 0.016015625 0.740625 0.02265625 0.751171875 0.035546875 0.761328125 0.058984375 0.76953125 0.087890625 0.77265625 0.115234375 0.7609375 0.14140625 0.740625 0.166796875 0.718359375 0.183203125 0.688671875
0 0.41015625 0.76015625 0.409765625 0.73515625 0.40625 0.6953125 0.3890625 0.66953125 0.366796875 0.648046875 0.33359375 0.630859375 0.294140625 0.626171875 0.257421875 0.63359375 0.22890625 0.65 0.212890625 0.668359375 0.20703125 0.680078125 0.205078125 0.71640625 0.215625 0.74765625 0.233203125 0.76640625 0.26796875 0.776953125 0.3078125 0.7859375 0.358984375 0.7859375 0.39609375 0.7796875 0.41015625 0.76015625
0 0.33828125 0.899609375 0.34609375 0.873046875 0.35078125 0.84609375 0.348046875 0.8234375 0.338671875 0.808984375 0.32578125 0.795703125 0.301171875 0.791015625 0.27109375 0.79453125 0.24453125 0.805078125 0.22265625 0.818359375 0.206640625 0.841015625 0.200390625 0.86328125 0.19921875 0.89453125 0.202734375 0.926953125 0.208203125 0.94296875 0.2234375 0.9578125 0.262109375 0.96328125 0.301171875 0.946875 0.32265625 0.926171875 0.33828125 0.899609375
0 0.512890625 0.949609375 0.5328125 0.91171875 0.54609375 0.86953125 0.5546875 0.816796875 0.542578125 0.7703125 0.5265625 0.74609375 0.49921875 0.73203125 0.456640625 0.73046875 0.424609375 0.7484375 0.4 0.78046875 0.3859375 0.80078125 0.38046875 0.837109375 0.3828125 0.8734375 0.387890625 0.90078125 0.401953125 0.928125 0.420703125 0.948828125 0.443359375 0.961328125 0.46796875 0.969921875 0.489453125 0.97109375 0.512890625 0.949609375
0 0.704296875 0.84921875 0.6984375 0.816796875 0.68515625 0.79296875 0.669921875 0.782421875 0.6359375 0.7828125 0.603515625 0.803125 0.583984375 0.821875 0.563671875 0.851171875 0.55 0.891796875 0.5484375 0.934375 0.551953125 0.958984375 0.569140625 0.98671875 0.5875 0.994921875 0.615625 0.99765625 0.637890625 0.994921875 0.655859375 0.98828125 0.670703125 0.972265625 0.688671875 0.93046875 0.701171875 0.87890625 0.704296875 0.84921875
0 0.833203125 0.84453125 0.819921875 0.8265625 0.7828125 0.81796875 0.75078125 0.827734375 0.72421875 0.848828125 0.705859375 0.87578125 0.69921875 0.918359375 0.7015625 0.944921875 0.7109375 0.9703125 0.72890625 0.9875 0.746484375 0.996875 0.76640625 0.997265625 0.796484375 0.99296875 0.81953125 0.974609375 0.8375 0.943359375 0.8421875 0.898046875 0.84140625 0.8671875 0.833203125 0.84453125
0 0.966796875 1 0.9734375 0.99609375 0.980078125 0.976171875 0.986328125 0.948046875 0.986328125 0.92734375 0.98359375 0.90546875 0.974609375 0.880859375 0.95625 0.855078125 0.939453125 0.84609375 0.912890625 0.835546875 0.894140625 0.83359375 0.87578125 0.843359375 0.8578125 0.8703125 0.8453125 0.91328125 0.8484375 0.946484375 0.858984375 0.98046875 0.872265625 1 0.966796875 1
0 0.968359375 0.81796875 1 0.80625 0.998828125 0.60546875 0.978125 0.627734375 0.95234375 0.660546875 0.92890625 0.69921875 0.915625 0.73046875 0.91484375 0.76328125 0.923046875 0.795703125 0.937109375 0.811328125 0.968359375 0.81796875
0 0.9703125 0.6203125 0.9890625 0.587109375 0.98828125 0.556640625 0.976953125 0.516015625 0.959765625 0.495703125 0.922265625 0.475 0.890625 0.46796875 0.863671875 0.475 0.844921875 0.4984375 0.83671875 0.534375 0.840234375 0.57734375 0.853125 0.612109375 0.87421875 0.633984375 0.9109375 0.64609375 0.944140625 0.63984375 0.9703125 0.6203125
0 0.571484375 0.677734375 0.60625 0.665234375 0.63515625 0.637890625 0.6515625 0.613671875 0.653515625 0.5796875 0.6453125 0.55703125 0.629296875 0.537109375 0.6046875 0.516015625 0.579296875 0.508984375 0.53828125 0.505078125 0.49375 0.5171875 0.47265625 0.532421875 0.45234375 0.55703125 0.440234375 0.57265625 0.4359375 0.590234375 0.430859375 0.61171875 0.43125 0.63046875 0.4375 0.65546875 0.45234375 0.671875 0.474609375 0.684765625 0.50390625 0.691015625 0.538671875 0.689453125 0.571484375 0.677734375
1 0.026171875 0.3390625 0 0.336328125 0.001171875 0.42421875 0.015625 0.426953125 0.0328125 0.4265625 0.056640625 0.421484375 0.073046875 0.41015625 0.07890625 0.3953125 0.06953125 0.37578125 0.049609375 0.35625 0.026171875 0.3390625