0 0.025390625 0.2919921875 0.03125 0.3408203125 0.0615234375 0.373046875 0.0869140625 0.390625 0.1201171875 0.39453125 0.1513671875 0.390625 0.1796875 0.3544921875 0.1884765625 0.314453125 0.1875 0.2919921875 0.177734375 0.2685546875 0.1578125 0.24765625 0.1357421875 0.234375 0.10625 0.226953125 0.0751953125 0.23046875 0.0498046875 0.232421875 0.044921875 0.2392578125 0.037109375 0.2548828125 0.025390625 0.2919921875
0 0.05078125 0.1806640625 0.0751953125 0.205078125 0.1025390625 0.212890625 0.1494140625 0.212890625 0.1826171875 0.203125 0.21875 0.1767578125 0.223828125 0.148828125 0.2236328125 0.12890625 0.21875 0.1064453125 0.201171875 0.0888671875 0.1689453125 0.056640625 0.1513671875 0.048828125 0.1162109375 0.048828125 0.0888671875 0.056640625 0.0546875 0.0869140625 0.04296875 0.1220703125 0.041015625 0.1572265625 0.05078125 0.1806640625
0 0.28125 0.1298828125 0.29296875 0.1689453125 0.31015625 0.19453125 0.3388671875 0.21875 0.3779296875 0.228515625 0.4052734375 0.228515625 0.4404296875 0.216796875 0.470703125 0.1865234375 0.484375 0.1591796875 0.4833984375 0.119140625 0.46484375 0.0810546875 0.4599609375 0.07421875 0.4482421875 0.05859375 0.4267578125 0.05859375 0.4013671875 0.05078125 0.3505859375 0.05078125 0.327734375 0.059375 0.302734375 0.0830078125 0.28125 0.1162109375 0.28125 0.1298828125
0 0.7060546875 0.12890625 0.7216796875 0.125 0.7490234375 0.109375 0.765625 0.0927734375 0.7734375 0.0751953125 0.7744140625 0.046875 0.767578125 0.0302734375 0.7470703125 0.01171875 0.7177734375 0.001953125 0.6669921875 0.00390625 0.609375 0.0380859375 0.59765625 0.0595703125 0.59765625 0.0791015625 0.607421875 0.1005859375 0.6279296875 0.12109375 0.7060546875 0.12890625
0 0.9775390625 0.185546875 1 0.1845703125 0.9990234375 0 0.9208984375 0.001953125 0.9130859375 0.01171875 0.8984375 0.0302734375 0.8828125 0.0654296875 0.880859375 0.0791015625 0.880859375 0.1279296875 0.888671875 0.1416015625 0.9111328125 0.162109375 0.9421875 0.176953125 0.9775390625 0.185546875
0 1 0.5654296875 0.9990234375 0.33203125 0.9794921875 0.34375 0.9462890625 0.357421875 0.91015625 0.3876953125 0.900390625 0.4072265625 0.89453125 0.4404296875 0.900390625 0.4951171875 0.927734375 0.5400390625 0.9501953125 0.560546875 0.9912109375 0.56640625 1 0.5654296875
0 0.677734375 0.6083984375 0.693359375 0.6357421875 0.7119140625 0.6484375 0.7470703125 0.6484375 0.7802734375 0.6328125 0.81640625 0.5966796875 0.83203125 0.5712890625 0.849609375 0.5341796875 0.8525390625 0.4921875 0.84765625 0.4580078125 0.8232421875 0.43359375 0.8076171875 0.431640625 0.7724609375 0.435546875 0.7333984375 0.46484375 0.7171875 0.480078125 0.697265625 0.5029296875 0.681640625 0.5302734375 0.673828125 0.5576171875 0.677734375 0.6083984375
0 1 0.81875 0.9658203125 0.787109375 0.9443359375 0.779296875 0.9208984375 0.78125 0.87890625 0.8310546875 0.861328125 0.8720703125 0.857421875 0.9150390625 0.8671875 0.9794921875 0.8896484375 1 0.9697265625 1 1 0.9677734375 1 0.81875
0 0.5751953125 0.865234375 0.5986328125 0.87890625 0.6240234375 0.87890625 0.6552734375 0.865234375 0.681640625 0.8427734375 0.705078125 0.8037109375 0.71484375 0.7666015625 0.7138671875 0.71875 0.70703125 0.6943359375 0.6787109375 0.67578125 0.6318359375 0.68359375 0.6064453125 0.697265625 0.56875 0.71875 0.541015625 0.7626953125 0.537109375 0.7958984375 0.54296875 0.8232421875 0.5546875 0.8447265625 0.5751953125 0.865234375
0 0.6494140625 0.904296875 0.6279296875 0.900390625 0.5849609375 0.912109375 0.564453125 0.9267578125 0.53515625 0.9990234375 0.6767578125 1 0.6806640625 0.943359375 0.669921875 0.9189453125 0.6494140625 0.904296875
0 0.5009765625 1 0.521484375 0.9736328125 0.5244140625 0.93359375 0.50390625 0.8876953125 0.4599609375 0.845703125 0.4365234375 0.83984375 0.3916015625 0.83984375 0.3701171875 0.84765625 0.328125 0.8779296875 0.314453125 0.8994140625 0.3125 0.9130859375 0.3125 0.9287109375 0.322265625 0.9541015625 0.3583984375 1 0.5009765625 1
0 0.2431640625 0.99609375 0.2734375 0.9638671875 0.28125 0.9189453125 0.2802734375 0.880859375 0.263671875 0.8505859375 0.2431640625 0.826171875 0.2177734375 0.818359375 0.1806640625 0.82421875 0.119140625 0.8857421875 0.119140625 0.9443359375 0.134765625 0.9697265625 0.1572265625 0.98828125 0.2021484375 1 0.2431640625 0.99609375
0 0.291015625 0.7314453125 0.3154296875 0.74609375 0.3486328125 0.751953125 0.4111328125 0.74609375 0.4345703125 0.734375 0.470703125 0.6982421875 0.482421875 0.6611328125 0.4814453125 0.6328125 0.46484375 0.5966796875 0.4326171875 0.58203125 0.3974609375 0.580078125 0.3818359375 0.58984375 0.3232421875 0.59375 0.3037109375 0.603515625 0.283203125 0.6240234375 0.271484375 0.6572265625 0.2734375 0.6982421875 0.291015625 0.7314453125
0 0 0.5791015625 0.02734375 0.6220703125 0.0478515625 0.63671875 0.0654296875 0.642578125 0.1083984375 0.63671875 0.125 0.6279296875 0.140625 0.6005859375 0.1494140625 0.5390625 0.138671875 0.5087890625 0.0947265625 0.45703125 0.0712890625 0.44921875 0.0537109375 0.44921875 0.0400390625 0.455078125 0.017578125 0.4853515625 0.01171875 0.5087890625 0 0.5302734375 0 0.5791015625
0 0.232421875 0.4326171875 0.236328125 0.4951171875 0.265625 0.5478515625 0.2841796875 0.568359375 0.3212890625 0.58203125 0.3466796875 0.583984375 0.3837890625 0.578125 0.419921875 0.5419921875 0.4248046875 0.513671875 0.419921875 0.4677734375 0.388671875 0.4248046875 0.376953125 0.3994140625 0.365234375 0.3896484375 0.3544921875 0.380859375 0.3486328125 0.380859375 0.3154296875 0.37890625 0.2646484375 0.380859375 0.236328125 0.4189453125 0.232421875 0.4326171875
0 0.4248046875 0.53125 0.4306640625 0.541015625 0.4560546875 0.560546875 0.5185546875 0.560546875 0.5615234375 0.53515625 0.583984375 0.5087890625 0.595703125 0.4833984375 0.5947265625 0.45703125 0.59375 0.4462890625 0.5849609375 0.435546875 0.556640625 0.4203125 0.5283203125 0.408203125 0.509765625 0.4130859375 0.4716796875 0.419921875 0.4578125 0.430859375 0.44140625 0.4501953125 0.4248046875 0.474609375 0.4248046875 0.53125
0 0.572265625 0.21640625 0.551953125 0.21640625 0.5265625 0.228515625 0.51171875 0.246484375 0.50078125 0.271484375 0.496484375 0.308984375 0.5046875 0.35703125 0.523046875 0.39140625 0.541015625 0.407421875 0.573046875 0.42734375 0.609765625 0.43828125 0.63671875 0.433984375 0.6546875 0.421875 0.67265625 0.399609375 0.67890625 0.36796875 0.67734375 0.336328125 0.664453125 0.316796875 0.641796875 0.299609375 0.6171875 0.27890625 0.60234375 0.256640625 0.592578125 0.232421875 0.572265625 0.21640625
0 0.587890625 0.188671875 0.58984375 0.219140625 0.603515625 0.25234375 0.62421875 0.281640625 0.64921875 0.303515625 0.676171875 0.319140625 0.6984375 0.31796875 0.716015625 0.312109375 0.730078125 0.28984375 0.733203125 0.261328125 0.728515625 0.241015625 0.715234375 0.209765625 0.7078125 0.175390625 0.7 0.1375 0.692578125 0.12890625 0.656640625 0.126171875 0.637890625 0.125390625 0.611328125 0.11328125 0.6015625 0.119921875 0.591015625 0.159765625 0.587890625 0.188671875
1 0.734765625 0.225 0.758203125 0.23828125 0.78125 0.238671875 0.782421875 0.237109375 0.79296875 0.215625 0.79375 0.192578125 0.79140625 0.17109375 0.78046875 0.148046875 0.7625 0.135546875 0.7390625 0.135546875 0.72265625 0.14609375 0.716796875 0.171875 0.723828125 0.202734375 0.734765625 0.225