0 0.667303284375 0.222214721875 0.7081607734375 0.22429928906250002 0.7360939578125001 0.2192963328125 0.7619425750000001 0.17468662031249999 0.7836220593750001 0.10506212031249999 0.7927941484375001 0.0654553671875 0.7873742781249999 0.0375221875 0.7694470124999999 0.0237640515625 0.7515197453125 0.017927265625 0.7335924796875 0.013758135937499999 0.7069100359375 0.0162596140625 0.6773092000000001 0.0225133125 0.6585481046874999 0.033769968750000004 0.6439561453125 0.047945015625 0.6143553078124999 0.0804642421875 0.601431 0.1075636015625 0.59642804375 0.1404997421875 0.59767878125 0.1726020546875 0.609769265625 0.1951153671875 0.6301980125 0.21387646093749998 0.667303284375 0.222214721875
0 0.5265625 0.3265625 0.52578125 0.3546875 0.52890625 0.37109375 0.5390625 0.40078125 0.555859375 0.421875 0.569921875 0.434765625 0.598828125 0.449609375 0.625390625 0.46328125 0.651953125 0.471484375 0.6734375 0.4734375 0.719140625 0.33125 0.698046875 0.310546875 0.68125 0.295703125 0.661328125 0.282421875 0.63828125 0.26953125 0.603515625 0.26015625 0.58125 0.259765625 0.5609375 0.262890625 0.5421875 0.280078125 0.532421875 0.299609375 0.5265625 0.3265625
0 0.37109375 0.18359375 0.3875 0.17578125 0.4015625 0.159375 0.408984375 0.131640625 0.399609375 0.088671875 0.38359375 0.061328125 0.359375 0.031640625 0.33515625 0.01796875 0.308984375 0.008984375 0.284375 0.011328125 0.259375 0.016015625 0.248828125 0.02265625 0.238671875 0.035546875 0.23046875 0.058984375 0.22734375 0.087890625 0.2390625 0.115234375 0.259375 0.14140625 0.281640625 0.166796875 0.311328125 0.183203125 0.34140625 0.18671875 0.37109375 0.18359375
0 0.3046875 0.40625 0.33046875 0.3890625 0.351953125 0.366796875 0.369140625 0.33359375 0.373828125 0.294140625 0.36640625 0.257421875 0.35 0.22890625 0.331640625 0.212890625 0.319921875 0.20703125 0.28359375 0.205078125 0.25234375 0.215625 0.23359375 0.233203125 0.223046875 0.26796875 0.2140625 0.3078125 0.2140625 0.358984375 0.2203125 0.39609375 0.23984375 0.41015625 0.26484375 0.409765625 0.3046875 0.40625
0 0.15390625 0.35078125 0.1765625 0.348046875 0.191015625 0.338671875 0.204296875 0.32578125 0.208984375 0.301171875 0.20546875 0.27109375 0.194921875 0.24453125 0.181640625 0.22265625 0.158984375 0.206640625 0.13671875 0.200390625 0.10546875 0.19921875 0.073046875 0.202734375 0.05703125 0.208203125 0.0421875 0.2234375 0.03671875 0.262109375 0.053125 0.301171875 0.073828125 0.32265625 0.100390625 0.33828125 0.126953125 0.34609375 0.15390625 0.35078125
0 0.13046875 0.54609375 0.183203125 0.5546875 0.2296875 0.542578125 0.25390625 0.5265625 0.26796875 0.49921875 0.26953125 0.456640625 0.2515625 0.424609375 0.21953125 0.4 0.19921875 0.3859375 0.162890625 0.38046875 0.1265625 0.3828125 0.09921875 0.387890625 0.071875 0.401953125 0.051171875 0.420703125 0.038671875 0.443359375 0.030078125 0.46796875 0.02890625 0.489453125 0.050390625 0.512890625 0.08828125 0.5328125 0.13046875 0.54609375
0 0.20703125 0.68515625 0.217578125 0.669921875 0.2171875 0.6359375 0.196875 0.603515625 0.178125 0.583984375 0.148828125 0.563671875 0.108203125 0.55 0.065625 0.5484375 0.041015625 0.551953125 0.01328125 0.569140625 0.005078125 0.5875 0.00234375 0.615625 0.005078125 0.637890625 0.01171875 0.655859375 0.027734375 0.670703125 0.06953125 0.688671875 0.12109375 0.701171875 0.15078125 0.704296875 0.183203125 0.6984375 0.20703125 0.68515625
0 0.18203125 0.7828125 0.172265625 0.75078125 0.151171875 0.72421875 0.12421875 0.705859375 0.081640625 0.69921875 0.055078125 0.7015625 0.0296875 0.7109375 0.0125 0.72890625 0.003125 0.746484375 0.002734375 0.76640625 0.00703125 0.796484375 0.025390625 0.81953125 0.056640625 0.8375 0.101953125 0.8421875 0.1328125 0.84140625 0.15546875 0.833203125 0.1734375 0.819921875 0.18203125 0.7828125
0 0 0.966796875 0.00390625 0.9734375 0.023828125 0.980078125 0.051953125 0.986328125 0.07265625 0.986328125 0.09453125 0.98359375 0.119140625 0.974609375 0.144921875 0.95625 0.15390625 0.939453125 0.164453125 0.912890625 0.16640625 0.894140625 0.156640625 0.87578125 0.1296875 0.8578125 0.08671875 0.8453125 0.053515625 0.8484375 0.01953125 0.858984375 0 0.872265625 0 0.966796875
0 0.39453125 0.998828125 0.372265625 0.978125 0.339453125 0.95234375 0.30078125 0.92890625 0.26953125 0.915625 0.23671875 0.91484375 0.204296875 0.923046875 0.188671875 0.937109375 0.18203125 0.968359375 0.19375 1 0.39453125 0.998828125
0 0.443359375 0.98828125 0.483984375 0.976953125 0.504296875 0.959765625 0.525 0.922265625 0.53203125 0.890625 0.525 0.863671875 0.5015625 0.844921875 0.465625 0.83671875 0.42265625 0.840234375 0.387890625 0.853125 0.366015625 0.87421875 0.35390625 0.9109375 0.36015625 0.944140625 0.3796875 0.9703125 0.412890625 0.9890625 0.443359375 0.98828125
0 0.362109375 0.63515625 0.386328125 0.6515625 0.4203125 0.653515625 0.44296875 0.6453125 0.462890625 0.629296875 0.483984375 0.6046875 0.491015625 0.579296875 0.494921875 0.53828125 0.4828125 0.49375 0.467578125 0.47265625 0.44296875 0.45234375 0.42734375 0.440234375 0.409765625 0.4359375 0.38828125 0.430859375 0.36953125 0.43125 0.34453125 0.4375 0.328125 0.45234375 0.315234375 0.474609375 0.308984375 0.50390625 0.310546875 0.538671875 0.322265625 0.571484375 0.334765625 0.60625 0.362109375 0.63515625
1 0.57578125 0.001171875 0.573046875 0.015625 0.5734375 0.0328125 0.578515625 0.056640625 0.58984375 0.073046875 0.6046875 0.07890625 0.62421875 0.06953125 0.64375 0.049609375 0.6609375 0.026171875 0.663671875 0 0.57578125 0.001171875