0 0.80608404375 0.0856128234375 0.7973986828124999 0.05293933125 0.7721697859375001 0.029778375000000003 0.709304328125 0.0095125359375 0.6625688234375 0.011166890625 0.6096294921875 0.0248153125 0.5839870046875 0.050871390625 0.5794375265625 0.0603839265625 0.5724065234375 0.0909894765625 0.5901908312499999 0.1158047890625 0.6278273875 0.14847828125 0.67497648125 0.16254029375 0.7299837546875 0.16419464374999998 0.7866453828125 0.150546221875 0.8089791640625 0.1158047890625 0.80608404375 0.0856128234375
0 0.8751533281249999 0.0905758859375 0.837930359375 0.1017427765625 0.8139422265625 0.116631965625 0.7961579171875 0.13772498125 0.7907812703125 0.154682109375 0.7882997375 0.1766023015625 0.8023617453125 0.205139909375 0.8275906484375 0.22540575000000002 0.850338015625 0.23739981562499998 0.8817707421875 0.24691235156250002 0.91113553125 0.2481531171875 0.9384323703125 0.24319005468750002 0.94711773125 0.1050514875 0.9214752421875 0.091403065625 0.8751533281249999 0.0905758859375
0 0.787058971875 0.4681822140625 0.828004234375 0.45453379375 0.858609784375 0.4322000109375 0.8751533281249999 0.4044895828125 0.8751533281249999 0.36395790625 0.86646796875 0.33500670625 0.8408254812499999 0.3139136953125 0.7986394484375 0.305641921875 0.7556262421875 0.3139136953125 0.7188168640625 0.331284409375 0.68490260625 0.3573404875 0.67166776875 0.3805014453125 0.664636765625 0.413588528125 0.6820074843749999 0.45122508593750005 0.704341265625 0.45825608906250004 0.741564234375 0.4685958046875 0.787058971875 0.4681822140625
0 0.431640625 0.25390625 0.388671875 0.2578125 0.345703125 0.28125 0.33203125 0.298828125 0.3125 0.326171875 0.303515625 0.360546875 0.3125 0.384765625 0.328515625 0.409375 0.353515625 0.421875 0.380859375 0.4296875 0.42310106718749996 0.43178642500000003 0.463219153125 0.42186029999999997 0.4884480546875 0.40366240624999994 0.51171875 0.373046875 0.5234375 0.341796875 0.51953125 0.306640625 0.498046875 0.2734375 0.458984375 0.2578125 0.431640625 0.25390625
0 0.2234375 0.287890625 0.25078125 0.271875 0.265625 0.240234375 0.265625 0.2046875 0.259375 0.180859375 0.244921875 0.153515625 0.219140625 0.123828125 0.18203125 0.101953125 0.144140625 0.09609375 0.10546875 0.106640625 0.08046875 0.128125 0.078125 0.137109375 0.073828125 0.16953125 0.075390625 0.18984375 0.0796875 0.21484375 0.09453125 0.243359375 0.117578125 0.26953125 0.15390625 0.283203125 0.190625 0.29140625 0.2234375 0.287890625
0 0 0.403125 0.017970390625 0.419140625 0.036329765624999996 0.433984375 0.071876640625 0.44765625 0.11484539062500002 0.450390625 0.168361015625 0.437890625 0.19882976562500002 0.41015625 0.213282890625 0.379296875 0.204689140625 0.333203125 0.187892265625 0.312890625 0.154689140625 0.294140625 0.10742351562500001 0.28984375 0.059767265624999996 0.305078125 0.037109375 0.321875 0.0109375 0.3421875 0 0.35859375 0 0.403125
0 0.516796875 0.945703125 0.550390625 0.924609375 0.562890625 0.904296875 0.56171875 0.87265625 0.540234375 0.838671875 0.5203125 0.82109375 0.500390625 0.803515625 0.46015625 0.791796875 0.411328125 0.794921875 0.376953125 0.805078125 0.358984375 0.825 0.346484375 0.846875 0.339453125 0.870703125 0.344140625 0.90546875 0.364453125 0.932421875 0.396484375 0.948828125 0.42421875 0.955859375 0.4671875 0.955859375 0.516796875 0.945703125
0 0.67734375 0.74140625 0.676171875 0.708984375 0.651953125 0.666015625 0.626171875 0.638671875 0.599609375 0.62109375 0.563671875 0.61171875 0.529296875 0.6203125 0.50546875 0.641796875 0.490234375 0.67109375 0.4828125 0.701953125 0.48203125 0.7328125 0.494921875 0.75703125 0.5140625 0.776953125 0.53359375 0.7859375 0.565625 0.7921875 0.608984375 0.78984375 0.64765625 0.781640625 0.668359375 0.76328125 0.67734375 0.74140625
0 0.778515625 0.91015625 0.7828125 0.87734375 0.769921875 0.839453125 0.73359375 0.8171875 0.690625 0.801953125 0.63671875 0.808203125 0.5984375 0.828125 0.5765625 0.861328125 0.57421875 0.8953125 0.5875 0.928125 0.620703125 0.946484375 0.65234375 0.960546875 0.68671875 0.966015625 0.73671875 0.966796875 0.760546875 0.94140625 0.778515625 0.91015625
0 0.69140625 0.5890625 0.683203125 0.615234375 0.68515625 0.644140625 0.703125 0.67109375 0.728515625 0.691796875 0.7734375 0.71171875 0.813671875 0.720703125 0.847265625 0.723046875 0.86953125 0.714453125 0.883984375 0.704296875 0.9 0.58515625 0.868359375 0.565625 0.827734375 0.554296875 0.797265625 0.550390625 0.756640625 0.555078125 0.716796875 0.573828125 0.69140625 0.5890625
0 0 0 0 0.156640625 0.0125 0.158984375 0.033984375 0.155078125 0.068359375 0.14375 0.0859375 0.11796875 0.118359375 0.097265625 0.130859375 0.080859375 0.13671875 0.06796875 0.135546875 0.04921875 0.12890625 0.03359375 0.11015625 0.01953125 0.09453125 0.010546875 0.07265625 0.00390625 0.047265625 0 0 0