0 0.201171875 0.24609375 0.216796875 0.25390625 0.232421875 0.2578125 0.255859375 0.2578125 0.275390625 0.25 0.296875 0.224609375 0.30078125 0.208984375 0.298828125 0.16796875 0.29296875 0.146484375 0.28515625 0.134765625 0.259765625 0.11328125 0.240234375 0.109375 0.193359375 0.1171875 0.17578125 0.126953125 0.16015625 0.154296875 0.16015625 0.193359375 0.1796875 0.224609375 0.201171875 0.24609375
0 0.345703125 0 0.33984375 0.013671875 0.33984375 0.060546875 0.34375 0.080078125 0.35546875 0.103515625 0.369140625 0.1171875 0.388671875 0.125 0.416015625 0.125 0.439453125 0.11328125 0.45703125 0.091796875 0.46484375 0.064453125 0.462890625 0.01171875 0.458984375 0 0.345703125 0
0 0.427734375 0.3984375 0.458984375 0.4140625 0.474609375 0.4140625 0.501953125 0.40234375 0.5234375 0.384765625 0.546875 0.353515625 0.5546875 0.326171875 0.552734375 0.28125 0.53671875 0.258203125 0.521484375 0.25 0.501953125 0.25 0.466796875 0.265625 0.421875 0.310546875 0.4140625 0.326171875 0.410546875 0.353515625 0.4140625 0.380859375 0.41796875 0.388671875 0.427734375 0.3984375
0 0.160546875 0 0.1640625 0.013671875 0.171875 0.029296875 0.197265625 0.0546875 0.212890625 0.0625 0.224609375 0.06640625 0.240234375 0.06640625 0.255859375 0.05859375 0.28125 0.033203125 0.28515625 0.021484375 0.283203125 0 0.160546875 0
0 0 0.533203125 0.017578125 0.54296875 0.060546875 0.54296875 0.068359375 0.5390625 0.10546875 0.505859375 0.1171875 0.478515625 0.119140625 0.45703125 0.1171875 0.431640625 0.109375 0.416015625 0.076171875 0.3828125 0.068359375 0.37890625 0.048828125 0.37890625 0.037109375 0.38671875 0.021484375 0.390625 0 0.412109375 0 0.533203125
0 0.080078125 0.75390625 0.099609375 0.765625 0.138671875 0.765625 0.16015625 0.748046875 0.17578125 0.724609375 0.18359375 0.701171875 0.181640625 0.66796875 0.17578125 0.642578125 0.154296875 0.62109375 0.146484375 0.6171875 0.119140625 0.6171875 0.095703125 0.625 0.087890625 0.62890625 0.06640625 0.654296875 0.0546875 0.689453125 0.0546875 0.724609375 0.080078125 0.75390625
0 0.310546875 0.7109375 0.322265625 0.71875 0.341796875 0.72265625 0.357421875 0.71875 0.369140625 0.7109375 0.37890625 0.697265625 0.376953125 0.6484375 0.37109375 0.623046875 0.357421875 0.609375 0.326171875 0.59375 0.291015625 0.59375 0.255859375 0.61328125 0.24609375 0.630859375 0.24609375 0.662109375 0.259765625 0.69140625 0.298828125 0.7109375 0.310546875 0.7109375
0 0.431640625 0.7109375 0.509765625 0.71484375 0.533203125 0.703125 0.546875 0.689453125 0.5546875 0.669921875 0.552734375 0.65625 0.546875 0.638671875 0.525390625 0.61328125 0.501953125 0.60546875 0.451171875 0.60546875 0.416015625 0.62109375 0.41015625 0.626953125 0.3984375 0.646484375 0.39453125 0.669921875 0.40625 0.693359375 0.431640625 0.7109375
0 0.439453125 0.58984375 0.490234375 0.59375 0.509765625 0.59375 0.513671875 0.59765625 0.533203125 0.59375 0.55078125 0.576171875 0.5625 0.552734375 0.56640625 0.541015625 0.564453125 0.50390625 0.55859375 0.486328125 0.548828125 0.4765625 0.537109375 0.47265625 0.486328125 0.48046875 0.443359375 0.51171875 0.43359375 0.525390625 0.4296875 0.533203125 0.42578125 0.552734375 0.4296875 0.576171875 0.439453125 0.58984375
0 0.427734375 0.90234375 0.466796875 0.91796875 0.509765625 0.9140625 0.54296875 0.884765625 0.546875 0.873046875 0.544921875 0.8359375 0.53125 0.810546875 0.513671875 0.79296875 0.482421875 0.78125 0.423828125 0.78125 0.408203125 0.78515625 0.3828125 0.806640625 0.37890625 0.826171875 0.3828125 0.845703125 0.40625 0.884765625 0.427734375 0.90234375
0 0.701171875 0.91796875 0.720703125 0.9296875 0.759765625 0.9296875 0.767578125 0.92578125 0.7890625 0.904296875 0.796875 0.884765625 0.80078125 0.869140625 0.798828125 0.82421875 0.78515625 0.794921875 0.763671875 0.77734375 0.744140625 0.77734375 0.736328125 0.77734375 0.708984375 0.78515625 0.6953125 0.794921875 0.671875 0.826171875 0.671875 0.876953125 0.6796875 0.896484375 0.701171875 0.91796875
0 0.923828125 1 0.9296875 0.994140625 0.93359375 0.978515625 0.931640625 0.9375 0.9140625 0.892578125 0.892578125 0.8671875 0.873046875 0.859375 0.837890625 0.859375 0.81484375 0.878125 0.8046875 0.900390625 0.800390625 0.926171875 0.8046875 0.958984375 0.822265625 1 0.923828125 1
0 0.779296875 0.75 0.798828125 0.73828125 0.81640625 0.720703125 0.82421875 0.708984375 0.83203125 0.689453125 0.8359375 0.673828125 0.833984375 0.62890625 0.83203125 0.619140625 0.818359375 0.6015625 0.794921875 0.59765625 0.767578125 0.61328125 0.72265625 0.654296875 0.7109375 0.681640625 0.7109375 0.705078125 0.728515625 0.73828125 0.751953125 0.75 0.779296875 0.75
0 0.70703125 0.166015625 0.732421875 0.18359375 0.755859375 0.1875 0.783203125 0.18359375 0.796875 0.169921875 0.81640625 0.138671875 0.8203125 0.103515625 0.818359375 0.078125 0.8125 0.048828125 0.794921875 0.02734375 0.775390625 0.01953125 0.751953125 0.01953125 0.728515625 0.02734375 0.703125 0.048828125 0.6953125 0.072265625 0.69140625 0.095703125 0.69140625 0.123046875 0.70703125 0.166015625
0 0.865234375 0 0.853515625 0.01171875 0.8359375 0.029296875 0.8359375 0.048828125 0.84375 0.064453125 0.85625 0.080859375 0.876953125 0.08984375 0.9078125 0.09296875 0.939453125 0.08984375 0.966796875 0.08203125 0.98046875 0.068359375 0.9921875 0.052734375 0.99609375 0.041015625 0.994140625 0.01953125 0.982421875 0 0.865234375 0
0 0.859375 0.380859375 0.873046875 0.39453125 0.896484375 0.40625 0.931640625 0.40625 0.947265625 0.40234375 0.966796875 0.39453125 0.984375 0.380859375 0.99609375 0.361328125 0.994140625 0.3359375 0.984375 0.314453125 0.962890625 0.29296875 0.939453125 0.28125 0.927734375 0.28125 0.904296875 0.28515625 0.892578125 0.29296875 0.876953125 0.296875 0.84765625 0.330078125 0.84765625 0.357421875 0.859375 0.380859375
0 0.934765625 0.105078125 0.89296875 0.107421875 0.86875 0.124609375 0.8609375 0.1546875 0.87109375 0.2015625 0.8890625 0.227734375 0.901953125 0.24375 0.91875 0.25078125 0.935546875 0.25 0.963671875 0.2390625 0.979296875 0.219921875 0.990234375 0.183203125 0.9890625 0.151171875 0.983984375 0.13046875 0.964453125 0.110546875 0.934765625 0.105078125
0 0.90390625 0.46171875 0.878515625 0.457421875 0.847265625 0.472265625 0.82421875 0.501171875 0.814453125 0.540234375 0.8265625 0.597265625 0.847265625 0.627734375 0.870703125 0.640625 0.89609375 0.633984375 0.9140625 0.620703125 0.932421875 0.598046875 0.943359375 0.573046875 0.94921875 0.545703125 0.9484375 0.52734375 0.942578125 0.5 0.9265625 0.47890625 0.90390625 0.46171875
0 0.7265625 0.953515625 0.714453125 0.9375 0.68984375 0.92734375 0.65859375 0.9328125 0.641015625 0.951953125 0.62734375 1 0.729296875 0.99765625 0.730078125 0.98359375 0.7265625 0.953515625
1 0.265234375 0.70234375 0.24140625 0.696875 0.233984375 0.69921875 0.230078125 0.711328125 0.232421875 0.7234375 0.257421875 0.76015625 0.276953125 0.775 0.29453125 0.78359375 0.314453125 0.785546875 0.330859375 0.78046875 0.340234375 0.765625 0.333984375 0.746875 0.31796875 0.73046875 0.29453125 0.713671875 0.265234375 0.70234375