0 0.9853515625 0.517578125 0.9677734375 0.52734375 0.9443359375 0.533203125 0.9306640625 0.54296875 0.90625 0.5712890625 0.9013671875 0.59765625 0.900390625 0.6240234375 0.90625 0.6396484375 0.9208984375 0.658203125 0.9482421875 0.671875 0.9833984375 0.671875 0.9990234375 0.66796875 1 0.5166015625 0.9853515625 0.517578125
0 1 0.3876953125 0.99609375 0.3798828125 0.9736328125 0.3671875 0.9228515625 0.37890625 0.9033203125 0.392578125 0.884765625 0.4150390625 0.876953125 0.4326171875 0.8759765625 0.4453125 0.87890625 0.4873046875 0.9052734375 0.515625 0.9345703125 0.525390625 0.9619140625 0.5234375 0.9736328125 0.517578125 0.9921875 0.4990234375 1 0.4853515625 1 0.3876953125
0 0.5068359375 0.482421875 0.4736328125 0.462890625 0.4384765625 0.451171875 0.4033203125 0.451171875 0.3876953125 0.45703125 0.3662109375 0.482421875 0.365234375 0.5068359375 0.375 0.5322265625 0.4013671875 0.5625 0.4345703125 0.580078125 0.4697265625 0.58984375 0.5009765625 0.587890625 0.5263671875 0.572265625 0.5390625 0.5517578125 0.54296875 0.5263671875 0.533203125 0.5048828125 0.5068359375 0.482421875
0 0.3291015625 0.845703125 0.3056640625 0.845703125 0.2939453125 0.853515625 0.28125 0.8681640625 0.271484375 0.8876953125 0.2685546875 0.904296875 0.267578125 0.9345703125 0.271484375 0.9599609375 0.2880859375 1 0.3984375 0.9990234375 0.40234375 0.9599609375 0.390625 0.9228515625 0.373046875 0.8935546875 0.3369140625 0.849609375 0.3291015625 0.845703125
0 0.46875 0.8037109375 0.4345703125 0.763671875 0.4091796875 0.751953125 0.3623046875 0.74609375 0.3447265625 0.751953125 0.3310546875 0.7734375 0.330078125 0.8056640625 0.337890625 0.8330078125 0.37890625 0.8701171875 0.4013671875 0.904296875 0.4287109375 0.912109375 0.4462890625 0.912109375 0.4560546875 0.908203125 0.47265625 0.8916015625 0.484375 0.8603515625 0.484375 0.8369140625 0.46875 0.8037109375
0 0.3701171875 0.279296875 0.3232421875 0.26171875 0.2744140625 0.26171875 0.2529296875 0.26953125 0.232421875 0.2900390625 0.2236328125 0.31640625 0.22265625 0.3388671875 0.2421875 0.3740234375 0.2587890625 0.388671875 0.2978515625 0.40234375 0.3271484375 0.404296875 0.33984375 0.3955078125 0.3466796875 0.3828125 0.3896484375 0.373046875 0.404296875 0.3466796875 0.404296875 0.3173828125 0.3984375 0.3056640625 0.3701171875 0.279296875
0 0.0009765625 0 0 0.0322265625 0.009765625 0.0537109375 0.029296875 0.0908203125 0.0556640625 0.1171875 0.0810546875 0.1328125 0.1142578125 0.1328125 0.13671875 0.1162109375 0.1484375 0.0986328125 0.158203125 0.0693359375 0.158203125 0.0322265625 0.1455078125 0 0.0009765625 0
0 0.5302734375 0.220703125 0.5048828125 0.220703125 0.4873046875 0.228515625 0.4765625 0.2392578125 0.462890625 0.2666015625 0.4560546875 0.29296875 0.455078125 0.3115234375 0.4609375 0.3388671875 0.474609375 0.3642578125 0.4931640625 0.3828125 0.5205078125 0.38671875 0.5380859375 0.380859375 0.56640625 0.3544921875 0.580078125 0.3212890625 0.583984375 0.2822265625 0.572265625 0.2470703125 0.5556640625 0.228515625 0.5302734375 0.220703125
0 0.6474609375 0.162109375 0.6240234375 0.146484375 0.6064453125 0.14453125 0.5791015625 0.154296875 0.568359375 0.1669921875 0.5654296875 0.177734375 0.564453125 0.2158203125 0.595703125 0.2724609375 0.6083984375 0.287109375 0.6298828125 0.30078125 0.6513671875 0.302734375 0.6728515625 0.296875 0.689453125 0.2802734375 0.69921875 0.2529296875 0.697265625 0.2216796875 0.6796875 0.1943359375 0.6474609375 0.162109375
0 0.8759765625 0 0.8544921875 0.00390625 0.8388671875 0.01171875 0.8203125 0.0322265625 0.802734375 0.0732421875 0.8017578125 0.08984375 0.806640625 0.1201171875 0.8232421875 0.14453125 0.8486328125 0.158203125 0.8896484375 0.158203125 0.9345703125 0.1328125 0.9609375 0.1025390625 0.970703125 0.0771484375 0.970703125 0.0361328125 0.9443359375 0.01171875 0.9248046875 0.00390625 0.8759765625 0
0 0.8486328125 1 0.849609375 0.9892578125 0.837890625 0.9697265625 0.8115234375 0.947265625 0.7958984375 0.94140625 0.7646484375 0.94140625 0.7470703125 0.94921875 0.724609375 0.9716796875 0.7080078125 0.994140625 0.7080078125 1 0.8486328125 1