0 0.3232421875 0.052734375 0.2900390625 0.07421875 0.28125 0.0888671875 0.27734375 0.1240234375 0.291015625 0.1572265625 0.3310546875 0.189453125 0.3701171875 0.205078125 0.41015625 0.2080078125 0.4482421875 0.19140625 0.46875 0.1748046875 0.4765625 0.1611328125 0.47265625 0.1181640625 0.44140625 0.0751953125 0.4013671875 0.05078125 0.3603515625 0.044921875 0.3232421875 0.052734375
0 0.3681640625 0.2109375 0.3544921875 0.21484375 0.3359375 0.2333984375 0.330078125 0.2451171875 0.330078125 0.2626953125 0.345703125 0.3134765625 0.3564453125 0.328125 0.3818359375 0.34765625 0.4091796875 0.359375 0.4453125 0.3583984375 0.4619140625 0.349609375 0.47265625 0.3388671875 0.474609375 0.3310546875 0.4765625 0.2822265625 0.46484375 0.2529296875 0.4443359375 0.232421875 0.4169921875 0.21484375 0.3681640625 0.2109375
0 0.2255859375 0.22265625 0.2119140625 0.23046875 0.189453125 0.2568359375 0.181640625 0.2802734375 0.185546875 0.3349609375 0.216796875 0.3916015625 0.2294921875 0.404296875 0.2626953125 0.416015625 0.29296875 0.4150390625 0.318359375 0.4013671875 0.3359375 0.3681640625 0.333984375 0.3330078125 0.318359375 0.2861328125 0.306640625 0.2626953125 0.2822265625 0.234375 0.2548828125 0.22265625 0.2255859375 0.22265625
0 0.0830078125 0.32421875 0.0703125 0.3349609375 0.060546875 0.3525390625 0.056640625 0.3720703125 0.05859375 0.4091796875 0.0986328125 0.484375 0.1396484375 0.50390625 0.1640625 0.5048828125 0.1884765625 0.498046875 0.205078125 0.4794921875 0.212890625 0.4365234375 0.19921875 0.3974609375 0.16796875 0.3564453125 0.1318359375 0.32421875 0.1201171875 0.318359375 0.0830078125 0.32421875
0 0 0.5751953125 0.021484375 0.5751953125 0.0537109375 0.556640625 0.0703125 0.5400390625 0.08203125 0.5126953125 0.08203125 0.4833984375 0.0546875 0.4228515625 0.0380859375 0.40625 0.0009765625 0.384765625 0 0.5751953125
0 0.16015625 0.9521484375 0.146484375 0.9873046875 0.1474609375 1 0.32421875 0.9990234375 0.32421875 0.9560546875 0.3203125 0.9423828125 0.2978515625 0.9140625 0.2841796875 0.904296875 0.2646484375 0.900390625 0.2294921875 0.90234375 0.1884765625 0.923828125 0.16015625 0.9521484375
0 1 0.9462890625 0.9658203125 0.9140625 0.9423828125 0.90625 0.9169921875 0.908203125 0.8662109375 0.927734375 0.822265625 0.9658203125 0.806640625 0.9951171875 0.8076171875 1 1 0.9990234375 1 0.9462890625
0 0.5458984375 0.693359375 0.52734375 0.7119140625 0.521484375 0.7333984375 0.5234375 0.7646484375 0.5390625 0.7900390625 0.5634765625 0.818359375 0.5947265625 0.83984375 0.6279296875 0.85546875 0.6640625 0.8583984375 0.6923828125 0.84765625 0.71484375 0.8232421875 0.71484375 0.7861328125 0.693359375 0.7451171875 0.6611328125 0.7109375 0.6123046875 0.689453125 0.5654296875 0.685546875 0.5458984375 0.693359375
0 0.8642578125 0.583984375 0.8251953125 0.607421875 0.80078125 0.6318359375 0.787109375 0.6552734375 0.78515625 0.6943359375 0.794921875 0.7197265625 0.8193359375 0.7421875 0.84765625 0.7490234375 0.8857421875 0.74609375 0.9130859375 0.732421875 0.9453125 0.6923828125 0.953125 0.6611328125 0.951171875 0.6435546875 0.935546875 0.6083984375 0.9189453125 0.58984375 0.8642578125 0.583984375
0 0.90625 0.5498046875 0.912109375 0.5615234375 0.9267578125 0.576171875 0.9560546875 0.5859375 0.974609375 0.5849609375 0.986328125 0.5810546875 1 0.5556640625 0.9990234375 0.439453125 0.9716796875 0.44140625 0.9384765625 0.458984375 0.91015625 0.4931640625 0.904296875 0.5185546875 0.90625 0.5498046875
0 0.7529296875 0.408203125 0.7431640625 0.41015625 0.7236328125 0.423828125 0.708984375 0.4482421875 0.703125 0.4775390625 0.703125 0.5146484375 0.71875 0.5419921875 0.7294921875 0.55078125 0.7548828125 0.560546875 0.7734375 0.5595703125 0.7900390625 0.556640625 0.826171875 0.5283203125 0.833984375 0.5048828125 0.833984375 0.4658203125 0.82421875 0.4384765625 0.8056640625 0.421875 0.7763671875 0.408203125 0.7529296875 0.408203125
0 0.5498046875 0.4140625 0.5234375 0.4365234375 0.515625 0.4541015625 0.515625 0.4716796875 0.5234375 0.4873046875 0.5419921875 0.5078125 0.5908203125 0.533203125 0.642578125 0.5361328125 0.6611328125 0.53125 0.685546875 0.5048828125 0.6875 0.4560546875 0.6767578125 0.443359375 0.6474609375 0.421875 0.6064453125 0.408203125 0.5712890625 0.408203125 0.5498046875 0.4140625
0 0.5556640625 0.263671875 0.5302734375 0.263671875 0.5126953125 0.2734375 0.49609375 0.2900390625 0.48828125 0.3193359375 0.48828125 0.3427734375 0.5 0.3662109375 0.5166015625 0.3828125 0.5419921875 0.39453125 0.611328125 0.3955078125 0.6259765625 0.39453125 0.662109375 0.3720703125 0.666015625 0.3642578125 0.666015625 0.3427734375 0.65625 0.3212890625 0.6357421875 0.302734375 0.6240234375 0.30078125 0.5556640625 0.263671875
0 0.8642578125 0.01171875 0.8349609375 0.02734375 0.826171875 0.0380859375 0.810546875 0.0751953125 0.8046875 0.1181640625 0.8125 0.1533203125 0.8349609375 0.1796875 0.8505859375 0.185546875 0.880859375 0.1845703125 0.9013671875 0.17578125 0.9296875 0.1474609375 0.94140625 0.1201171875 0.94140625 0.0849609375 0.9296875 0.0498046875 0.9072265625 0.01953125 0.8955078125 0.013671875 0.8642578125 0.01171875
0 1 0.1943359375 0.9833984375 0.193359375 0.9599609375 0.203125 0.951171875 0.2119140625 0.9453125 0.2275390625 0.9453125 0.2626953125 0.955078125 0.3076171875 0.978515625 0.3388671875 0.9970703125 0.357421875 1 0.3564453125 1 0.1943359375
1 0.59765625 0.0849609375 0.6015625 0.1416015625 0.6279296875 0.171875 0.66015625 0.1748046875 0.6689453125 0.173828125 0.701171875 0.1474609375 0.703125 0.1318359375 0.69921875 0.1162109375 0.6796875 0.0849609375 0.6591796875 0.072265625 0.6083984375 0.072265625 0.59765625 0.0849609375