1 0.11514861406250002 0.625687875 0.08359641875 0.6394002765625 0.054787746875 0.6764237734375 0.036953921875000004 0.7107047765625001 0.043813109375 0.7353871171875 0.0620863078125 0.740678046875 0.0794808625 0.7353871171875 0.1055457921875 0.72030346875 0.12337961718749998 0.7011060859375 0.141213546875 0.6640825890625 0.1357261765625 0.6394002765625 0.11514861406250002 0.625687875
1 0.7681433125 0.04518025 0.732475453125 0.049293906250000005 0.7160134484375 0.0643775265625 0.706410628125 0.1000298046875 0.7146415265625 0.130197096875 0.72925720625 0.152401390625 0.7544249375 0.156250684375 0.7722588671875 0.15076570312499998 0.795580059375 0.14253828125 0.81067014375 0.12059840625 0.8257604421875 0.106886003125 0.8257604421875 0.083574965625 0.7983236921875 0.05615010625 0.7681433125 0.04518025
0 0.787348953125 0.1836754875 0.7626558359375 0.197387890625 0.7256162703125 0.21384278124999997 0.6968078078125 0.24675251562499997 0.6817175109375 0.2892609921875 0.6880949921874999 0.32048043437499996 0.7091542609375 0.3399968390625 0.7365910078125 0.35233801875 0.7750025 0.35233801875 0.805182878125 0.342739328125 0.8312477078124999 0.319428234375 0.8518252703125 0.2865185046875 0.8641719296874999 0.2508662265625 0.8628000124999999 0.2165852234375 0.8353632624999999 0.180932890625 0.8147856984375 0.180932890625 0.787348953125 0.1836754875
0 0.39363165312500004 0.26046491875 0.35933571875000003 0.26046491875 0.33327078593750004 0.27417732031250003 0.3195524109375 0.29337470312499997 0.30309040625 0.3207995078125 0.29623121874999997 0.35233801875 0.30720585625 0.383876534375 0.340129971875 0.39896020781249997 0.37716954375 0.408558846875 0.4251838515625 0.40170264843750003 0.45947978593750005 0.382505315625 0.47457008125 0.3537092421875 0.46908271093750004 0.30571583125 0.4526206015625 0.28103351875000004 0.42792759062499997 0.26732111718749996 0.39363165312500004 0.26046491875
0 0.8682874843749999 0.2920034296875 0.8559408234375001 0.3084583234375 0.83399155 0.3399968390625 0.816157621875 0.36879291406250003 0.8175293328125001 0.40307391875 0.82701746875 0.42681615624999997 0.8463380031250001 0.44558234375000005 0.8737747499999999 0.452438546875 0.913557953125 0.44558234375000005 0.942366621875 0.4277562296875 0.96843145 0.3975889375 0.9752906375 0.3482243125 0.9752906375 0.3070871046875 0.9478538875 0.28514723124999997 0.9176735078125 0.276919809375 0.8806339375000001 0.27829103125 0.8682874843749999 0.2920034296875
0 0.1041739765625 0.3770203359375 0.0698780421875 0.40444513750000005 0.05615966875 0.43872614531250004 0.041069371874999996 0.4853483328125 0.041069371874999996 0.5168868437499999 0.056941031249999996 0.533151878125 0.0685061203125 0.5525390421874999 0.0931992375 0.5676227421875 0.1439571796875 0.5676227421875 0.176881296875 0.5621377890625 0.20431804687500002 0.5401979375 0.22215197656250002 0.5100306453125001 0.2331266125 0.4730071484375 0.220780159375 0.433241215625 0.19745885937500002 0.40170264843750003 0.134354359375 0.3770203359375 0.1041739765625 0.3770203359375
0 0.6679991375000001 0.4949470234375 0.639190575 0.4949470234375 0.6227284609375 0.499060734375 0.6048946359375 0.5223717999999999 0.5870607109375 0.5593952421874999 0.5766139953125 0.57431409375 0.58568889375 0.6005324484375001 0.599407265625 0.6265860625 0.6158692734375 0.6402984609375 0.644677840625 0.6553820578125 0.6789737734375 0.6526396203125 0.7201290046875 0.64989715625 0.7516813046874999 0.6361847546875 0.7708869453125 0.6169873671875 0.7722588671875 0.5785926531250001 0.746193828125 0.534712984375 0.7187570812499999 0.5072881796875001 0.6679991375000001 0.4949470234375
0 0.35247653125 0.6819087546875 0.3675667234375 0.71344726875 0.39363165312500004 0.731273378125 0.41558103125 0.7381295828125001 0.44301778125 0.74498578125 0.4702782734375 0.74410823125 0.49926309375000005 0.723045934375 0.5239562078125 0.707962284375 0.536302765625 0.6832799734375 0.54453376875 0.6558551718750001 0.529443578125 0.62431665625 0.5033786484375 0.5845506671875 0.451248784375 0.5845506671875 0.41969658593750003 0.592778140625 0.3854006484375 0.6078617625 0.3552201640625 0.6394002765625 0.35247653125 0.6819087546875
0 0.6872048828125 0.753213175 0.6583962156250001 0.7614406765624999 0.6323313875000001 0.7957216796875 0.6144974578125 0.8437150859375 0.6186130125 0.87388235625 0.644677840625 0.9095346046874999 0.6597681328125 0.9177620546874999 0.6858329609375 0.9273607453125001 0.728359903125 0.9205045437500001 0.7557966484375 0.91364834375 0.7750025 0.8903371953124999 0.787348953125 0.8546849999999999 0.7859772375 0.823146484375 0.7681433125 0.7874941843750001 0.7297318203125001 0.7641831406249999 0.6872048828125 0.753213175
0 1 0.6503701875 0.9972401203124999 0.6503701875 0.9739189250000001 0.6531126796875 0.9451102546874999 0.6599688796875001 0.927276328125 0.69836359375 0.92864825 0.7395007734375 0.934135515625 0.7778955437499999 0.9574569187499999 0.8025778828125001 0.9876373015625 0.8162902843750001 1 0.8230024765625 1 0.6503701875
0 0.648046875 0.05703125 0.69453125 0.04921875 0.719921875 0.030859375 0.73671875 0 0.549609375 0.0015625 0.558984375 0.01953125 0.5765625 0.03828125 0.601171875 0.05234375 0.648046875 0.05703125