0 0.557421875 0.308984375 0.575390625 0.323828125 0.59765625 0.3359375 0.625 0.33984375 0.655859375 0.3390625 0.678515625 0.333984375 0.696484375 0.32265625 0.7234375 0.302734375 0.744140625 0.28359375 0.765625 0.248828125 0.768359375 0.208203125 0.760546875 0.18515625 0.746875 0.159765625 0.73203125 0.146875 0.71015625 0.134375 0.691015625 0.13046875 0.659765625 0.1296875 0.62578125 0.139453125 0.59921875 0.157421875 0.571484375 0.1859375 0.5578125 0.21328125 0.549609375 0.2453125 0.547265625 0.281640625 0.557421875 0.308984375
0 0.34765625 0.361328125 0.375390625 0.376953125 0.40625 0.390625 0.438671875 0.401171875 0.469140625 0.40234375 0.496875 0.39453125 0.515234375 0.382421875 0.528125 0.37265625 0.5375 0.345703125 0.534765625 0.3171875 0.524609375 0.294921875 0.498828125 0.2625 0.455859375 0.23515625 0.410546875 0.229296875 0.366796875 0.235546875 0.328515625 0.254296875 0.316015625 0.277734375 0.31328125 0.318359375 0.325 0.342578125 0.34765625 0.361328125
0 0.032421875 0.2171875 0.023828125 0.23984375 0.026171875 0.278515625 0.045703125 0.301953125 0.071484375 0.31796875 0.092578125 0.326171875 0.123828125 0.330078125 0.155078125 0.328515625 0.1890625 0.320703125 0.221484375 0.30234375 0.240625 0.28046875 0.25390625 0.241796875 0.253515625 0.212109375 0.249609375 0.197265625 0.240234375 0.18671875 0.211328125 0.167578125 0.16953125 0.15859375 0.127734375 0.16015625 0.087890625 0.1703125 0.05078125 0.191015625 0.032421875 0.2171875
0 0.1359375 0.44375 0.136328125 0.478125 0.148046875 0.496875 0.17109375 0.51015625 0.187109375 0.515234375 0.2171875 0.515625 0.233984375 0.513671875 0.25234375 0.50859375 0.268359375 0.496484375 0.28515625 0.478125 0.29609375 0.461328125 0.3078125 0.428515625 0.3109375 0.38828125 0.30625 0.36640625 0.295703125 0.349609375 0.273046875 0.3328125 0.25625 0.326171875 0.2265625 0.325 0.1984375 0.3375 0.17890625 0.353515625 0.164453125 0.370703125 0.1453125 0.402734375 0.1359375 0.44375
0 0.262109375 0.52109375 0.26015625 0.5421875 0.26171875 0.574609375 0.27109375 0.597265625 0.29296875 0.609765625 0.31875 0.61875 0.326953125 0.6203125 0.346484375 0.6171875 0.36953125 0.607421875 0.39140625 0.591015625 0.40546875 0.566015625 0.415625 0.509375 0.4109375 0.476171875 0.3953125 0.446875 0.37265625 0.43125 0.348828125 0.424609375 0.323046875 0.427734375 0.30703125 0.435546875 0.301953125 0.454296875 0.293359375 0.467578125 0.2828125 0.483203125 0.2734375 0.495703125 0.262109375 0.52109375
0 0.42421875 0.8328125 0.450390625 0.848828125 0.48125 0.8625 0.509375 0.8703125 0.550390625 0.873046875 0.571484375 0.86953125 0.60625 0.8625 0.63046875 0.84453125 0.640625 0.8046875 0.634375 0.77734375 0.61953125 0.747265625 0.581640625 0.71484375 0.546875 0.704296875 0.49453125 0.70078125 0.450390625 0.70703125 0.4171875 0.7296875 0.403515625 0.749609375 0.401171875 0.7828125 0.40859375 0.8171875 0.42421875 0.8328125
0 0.503125 0.883984375 0.4640625 0.896875 0.430859375 0.930078125 0.416796875 0.95546875 0.411328125 0.9828125 0.4109375 0.998828125 0.61796875 1 0.630859375 0.9859375 0.637890625 0.94921875 0.63046875 0.91640625 0.608203125 0.896875 0.579296875 0.88359375 0.54609375 0.8796875 0.503125 0.883984375
0 0.001171875 0.959765625 0.011328125 0.97890625 0.036328125 0.990625 0.06328125 0.994921875 0.081640625 0.994140625 0.105859375 0.99140625 0.134375 0.98203125 0.151953125 0.96484375 0.171484375 0.942578125 0.18125 0.914453125 0.17890625 0.883984375 0.1625 0.849609375 0.1390625 0.828515625 0.11328125 0.81953125 0.079296875 0.81875 0.033203125 0.846484375 0.008203125 0.884765625 0 0.917578125 0.001171875 0.959765625
0 0.071875 0.624609375 0.05 0.618359375 0.0171875 0.61640625 0 0.621875 0.00078125 0.76328125 0.031640625 0.762109375 0.066015625 0.75234375 0.084765625 0.73984375 0.103515625 0.715625 0.107421875 0.675390625 0.093359375 0.64296875 0.071875 0.624609375
0 0 0 0 0.132421875 0.02890625 0.127734375 0.065625 0.11640625 0.10078125 0.094921875 0.124609375 0.07109375 0.137109375 0.0390625 0.139453125 0 0 0
1 0.668359375 0.614453125 0.6890625 0.62734375 0.71796875 0.63125 0.746484375 0.624609375 0.764453125 0.6109375 0.778515625 0.591796875 0.788671875 0.5828125 0.80390625 0.540234375 0.79296875 0.5125 0.76640625 0.49609375 0.72578125 0.496484375 0.6890625 0.5109375 0.666015625 0.532421875 0.653515625 0.5671875 0.653125 0.601953125 0.668359375 0.614453125
0 0.79140625 0.898046875 0.802734375 0.9234375 0.830859375 0.945703125 0.86171875 0.958203125 0.88203125 0.963671875 0.90390625 0.9671875 0.91953125 0.808984375 0.9 0.802734375 0.866015625 0.8015625 0.83046875 0.8109375 0.810546875 0.821484375 0.79296875 0.851171875 0.78671875 0.870703125 0.79140625 0.898046875