0 0.44140625 0.9248046875 0.47265625 0.8818359375 0.4765625 0.8388671875 0.46875 0.8251953125 0.4482421875 0.80859375 0.41015625 0.7919921875 0.3701171875 0.794921875 0.3310546875 0.810546875 0.291015625 0.8427734375 0.27734375 0.8759765625 0.28125 0.9111328125 0.2900390625 0.92578125 0.3232421875 0.947265625 0.3603515625 0.955078125 0.4013671875 0.94921875 0.44140625 0.9248046875
0 0.46484375 0.7470703125 0.4765625 0.7177734375 0.474609375 0.6689453125 0.47265625 0.6611328125 0.4619140625 0.650390625 0.4453125 0.6416015625 0.4091796875 0.640625 0.3818359375 0.65234375 0.3564453125 0.671875 0.345703125 0.6865234375 0.330078125 0.7373046875 0.330078125 0.7548828125 0.3359375 0.7666015625 0.3544921875 0.78515625 0.3681640625 0.7890625 0.4169921875 0.78515625 0.4443359375 0.767578125 0.46484375 0.7470703125
0 0.306640625 0.7373046875 0.318359375 0.7138671875 0.333984375 0.6669921875 0.3359375 0.6318359375 0.318359375 0.5986328125 0.29296875 0.5849609375 0.2626953125 0.583984375 0.2294921875 0.595703125 0.216796875 0.6083984375 0.185546875 0.6650390625 0.181640625 0.7197265625 0.189453125 0.7431640625 0.2119140625 0.76953125 0.2255859375 0.77734375 0.2548828125 0.77734375 0.2822265625 0.765625 0.306640625 0.7373046875
0 0.16796875 0.6435546875 0.19921875 0.6025390625 0.212890625 0.5634765625 0.205078125 0.5205078125 0.1884765625 0.501953125 0.1640625 0.4951171875 0.1396484375 0.49609375 0.0986328125 0.515625 0.05859375 0.5908203125 0.056640625 0.6279296875 0.060546875 0.6474609375 0.0703125 0.6650390625 0.0830078125 0.67578125 0.1201171875 0.681640625 0.1318359375 0.67578125 0.16796875 0.6435546875
0 0.0546875 0.5771484375 0.08203125 0.5166015625 0.08203125 0.4873046875 0.0703125 0.4599609375 0.0537109375 0.443359375 0.021484375 0.4248046875 0 0.4248046875 0.0009765625 0.615234375 0.0380859375 0.59375 0.0546875 0.5771484375
0 0.2646484375 0.099609375 0.2841796875 0.095703125 0.2978515625 0.0859375 0.3203125 0.0576171875 0.32421875 0.0439453125 0.32421875 0.0009765625 0.1474609375 0 0.146484375 0.0126953125 0.16015625 0.0478515625 0.1884765625 0.076171875 0.2294921875 0.09765625 0.2646484375 0.099609375
0 1 0.0009765625 0.8076171875 0 0.806640625 0.0048828125 0.822265625 0.0341796875 0.8662109375 0.072265625 0.9169921875 0.091796875 0.9423828125 0.09375 0.9658203125 0.0859375 1 0.0537109375 1 0.0009765625
0 0.6611328125 0.2890625 0.693359375 0.2548828125 0.71484375 0.2138671875 0.71484375 0.1767578125 0.6923828125 0.15234375 0.6640625 0.1416015625 0.6279296875 0.14453125 0.5947265625 0.16015625 0.5634765625 0.181640625 0.5390625 0.2099609375 0.5234375 0.2353515625 0.521484375 0.2666015625 0.52734375 0.2880859375 0.5458984375 0.306640625 0.5654296875 0.314453125 0.6123046875 0.310546875 0.6611328125 0.2890625
0 0.951171875 0.3564453125 0.953125 0.3388671875 0.9453125 0.3076171875 0.9130859375 0.267578125 0.8857421875 0.25390625 0.84765625 0.2509765625 0.8193359375 0.2578125 0.794921875 0.2802734375 0.78515625 0.3056640625 0.787109375 0.3447265625 0.80078125 0.3681640625 0.8251953125 0.392578125 0.8642578125 0.416015625 0.9189453125 0.41015625 0.935546875 0.3916015625 0.951171875 0.3564453125
0 0.9384765625 0.541015625 0.9716796875 0.55859375 0.9990234375 0.560546875 1 0.4443359375 0.986328125 0.4189453125 0.974609375 0.4150390625 0.9560546875 0.4140625 0.9267578125 0.423828125 0.912109375 0.4384765625 0.90625 0.4501953125 0.904296875 0.4814453125 0.91015625 0.5068359375 0.9384765625 0.541015625
0 0.82421875 0.5615234375 0.833984375 0.5341796875 0.833984375 0.4951171875 0.826171875 0.4716796875 0.7900390625 0.443359375 0.7734375 0.4404296875 0.7548828125 0.439453125 0.7294921875 0.44921875 0.71875 0.4580078125 0.703125 0.4853515625 0.703125 0.5224609375 0.708984375 0.5517578125 0.7236328125 0.576171875 0.7431640625 0.58984375 0.7529296875 0.591796875 0.7763671875 0.591796875 0.8056640625 0.578125 0.82421875 0.5615234375
0 0.6474609375 0.578125 0.6767578125 0.556640625 0.6875 0.5439453125 0.685546875 0.4951171875 0.6611328125 0.46875 0.642578125 0.4638671875 0.5908203125 0.466796875 0.5419921875 0.4921875 0.5234375 0.5126953125 0.515625 0.5283203125 0.515625 0.5458984375 0.5234375 0.5634765625 0.5498046875 0.5859375 0.5712890625 0.591796875 0.6064453125 0.591796875 0.6474609375 0.578125
0 0.65625 0.6787109375 0.666015625 0.6572265625 0.666015625 0.6357421875 0.662109375 0.6279296875 0.6259765625 0.60546875 0.611328125 0.6044921875 0.5419921875 0.60546875 0.5166015625 0.6171875 0.5 0.6337890625 0.48828125 0.6572265625 0.48828125 0.6806640625 0.49609375 0.7099609375 0.5126953125 0.7265625 0.5302734375 0.736328125 0.5556640625 0.736328125 0.6240234375 0.69921875 0.6357421875 0.697265625 0.65625 0.6787109375
0 0.9296875 0.9501953125 0.94140625 0.9150390625 0.94140625 0.8798828125 0.9296875 0.8525390625 0.9013671875 0.82421875 0.880859375 0.8154296875 0.8505859375 0.814453125 0.8349609375 0.8203125 0.8125 0.8466796875 0.8046875 0.8818359375 0.810546875 0.9248046875 0.826171875 0.9619140625 0.8349609375 0.97265625 0.8642578125 0.98828125 0.8955078125 0.986328125 0.9072265625 0.98046875 0.9296875 0.9501953125
0 1 0.6435546875 0.9970703125 0.642578125 0.978515625 0.6611328125 0.955078125 0.6923828125 0.9453125 0.7373046875 0.9453125 0.7724609375 0.951171875 0.7880859375 0.9599609375 0.796875 0.9833984375 0.806640625 1 0.8056640625 1 0.6435546875
1 0.6796875 0.9150390625 0.69921875 0.8837890625 0.703125 0.8681640625 0.701171875 0.8525390625 0.6689453125 0.826171875 0.66015625 0.8251953125 0.6279296875 0.828125 0.6015625 0.8583984375 0.59765625 0.9150390625 0.6083984375 0.927734375 0.6591796875 0.927734375 0.6796875 0.9150390625