0 0.48828125 0.048828125 0.47265625 0.076171875 0.47265625 0.091796875 0.4765625 0.103515625 0.505859375 0.1328125 0.53125 0.157421875 0.560546875 0.171875 0.5953125 0.1765625 0.6328125 0.169921875 0.66015625 0.138671875 0.671875 0.095703125 0.66015625 0.052734375 0.638671875 0.03125 0.615234375 0.015625 0.572265625 0.01171875 0.525390625 0.01953125 0.48828125 0.048828125
0 0.404296875 0.14453125 0.380859375 0.15234375 0.359375 0.166015625 0.35546875 0.173828125 0.359375 0.212890625 0.373046875 0.237890625 0.396484375 0.25390625 0.419921875 0.26953125 0.462890625 0.27734375 0.50234375 0.27890625 0.517578125 0.26953125 0.5390625 0.251953125 0.54296875 0.232421875 0.5234375 0.189453125 0.505859375 0.171875 0.494140625 0.1640625 0.435546875 0.140625 0.404296875 0.14453125
0 0.525390625 0.3984375 0.505859375 0.3984375 0.477734375 0.402734375 0.455078125 0.4140625 0.42578125 0.447265625 0.4140625 0.466796875 0.411328125 0.498828125 0.4140625 0.529296875 0.4296875 0.564453125 0.451171875 0.5859375 0.474609375 0.59765625 0.5234375 0.599609375 0.541015625 0.59375 0.567578125 0.56875 0.58984375 0.537109375 0.59765625 0.505859375 0.59765625 0.478515625 0.578515625 0.439453125 0.552734375 0.41015625 0.525390625 0.3984375
0 0.560546875 0.8125 0.537109375 0.8046875 0.498046875 0.80234375 0.458984375 0.80859375 0.419921875 0.828125 0.38671875 0.865234375 0.3828125 0.876953125 0.38671875 0.916015625 0.419921875 0.95703125 0.462890625 0.9765625 0.50390625 0.974609375 0.54921875 0.966796875 0.583984375 0.95703125 0.59765625 0.947265625 0.609375 0.927734375 0.60546875 0.873046875 0.58203125 0.849609375 0.5703125 0.822265625 0.560546875 0.8125
0 0.197265625 0.71875 0.18359375 0.732421875 0.171875 0.755859375 0.171875 0.802734375 0.17578125 0.814453125 0.189453125 0.83203125 0.220703125 0.85546875 0.248046875 0.86328125 0.28515625 0.861328125 0.306640625 0.85546875 0.33203125 0.826171875 0.3359375 0.787109375 0.32421875 0.759765625 0.306640625 0.73828125 0.267578125 0.7109375 0.2328125 0.712109375 0.197265625 0.71875
0 0.262109375 1 0.26171875 0.970703125 0.25 0.951171875 0.220703125 0.92578125 0.193359375 0.91015625 0.166015625 0.8984375 0.138671875 0.8984375 0.103515625 0.9140625 0.078125 0.939453125 0.07109375 0.971484375 0.076171875 1 0.262109375 1
0 0 0.833984375 0.017578125 0.83984375 0.044921875 0.84375 0.0859375 0.841796875 0.123046875 0.828125 0.1328125 0.818359375 0.140625 0.794921875 0.13671875 0.744140625 0.125 0.720703125 0.121271121875 0.70280845625 0.1043495703125 0.6864509578125 0.060546875 0.6640625 0.033203125 0.66015625 0.005859375 0.6640625 0 0.669921875 0 0.833984375
0 0.704296875 0.71328125 0.709375 0.669921875 0.6984375 0.63515625 0.665625 0.600390625 0.614453125 0.5859375 0.559375 0.590234375 0.530859375 0.60625 0.512109375 0.62265625 0.49765625 0.655859375 0.505859375 0.68984375 0.533203125 0.7234375 0.5703125 0.743359375 0.598046875 0.753125 0.63984375 0.753515625 0.675390625 0.74453125 0.704296875 0.71328125
0 0.918012234375 0.74059141875 0.868639471875 0.7329647296874999 0.8128442375 0.7450068671875 0.7875557546875 0.7682883328125001 0.776316425 0.7951824375000001 0.7678869296874999 0.8309074453124999 0.7947810343749999 0.8818858234375 0.8413439640625 0.9212234718750001 0.8830900390625 0.945307746875 0.92202628125 0.944906340625 0.9906664609375 0.9336670125 1 0.9188150437499999 0.999898765625 0.7855487296875 0.959758309375 0.7606616484375001 0.918012234375 0.74059141875
0 0.8935265593749999 0.561564984375 0.859808575 0.5374807109375 0.79558384375 0.535875090625 0.739788609375 0.56999448125 0.721725403125 0.609332125 0.722126809375 0.6229798828125 0.724936640625 0.6639231484375 0.7522321515625 0.6984439375 0.7911683953125 0.723732425 0.8485692453125001 0.7309577109375 0.89994903125 0.710486078125 0.9228290890625 0.677169496875 0.9280473484374999 0.620571453125 0.8935265593749999 0.561564984375
0 0.818359375 0.476953125 0.815625 0.446875 0.792578125 0.416796875 0.769140625 0.393359375 0.730859375 0.364453125 0.684375 0.35859375 0.647265625 0.3640625 0.6265625 0.38125 0.623828125 0.3984375 0.621484375 0.42109375 0.628125 0.444921875 0.634375 0.45859375 0.64453125 0.4796875 0.6734375 0.51015625 0.6953125 0.526953125 0.73359375 0.5359375 0.7828125 0.532421875 0.812109375 0.51171875 0.818359375 0.476953125
0 1 0.24296875 0.962890625 0.24375 0.93671875 0.253125 0.919140625 0.2671875 0.9046875 0.287109375 0.90703125 0.31640625 0.91796875 0.336328125 0.94296875 0.352734375 0.9734375 0.363671875 1 0.3640625 1 0.24296875