0 0.332696715625 0.777785278125 0.2918392265625 0.7757007109375 0.2639060421875 0.7807036671875001 0.238057425 0.8253133796875 0.21637794062500001 0.8949378796874999 0.20720585156250002 0.9345446328125 0.212625721875 0.9624778125000001 0.2305529875 0.9762359484375001 0.2484802546875 0.9820727343750001 0.2664075203125 0.9862418640625 0.2930899640625 0.9837403859375 0.3226908 0.9774866875000001 0.3414518953125 0.96623003125 0.3560438546875 0.952054984375 0.38564469218749997 0.9195357578125 0.398569 0.8924363984375001 0.40357195625 0.8595002578125 0.40232121875000004 0.8273979453125 0.390230734375 0.8048846328125 0.3698019875 0.7861235390625 0.332696715625 0.777785278125
0 0.4734375 0.6734375 0.47421875 0.6453125 0.47109375 0.62890625 0.4609375 0.59921875 0.444140625 0.578125 0.430078125 0.565234375 0.401171875 0.550390625 0.374609375 0.53671875 0.348046875 0.528515625 0.3265625 0.5265625 0.280859375 0.66875 0.301953125 0.689453125 0.31875 0.704296875 0.338671875 0.717578125 0.36171875 0.73046875 0.396484375 0.73984375 0.41875 0.740234375 0.4390625 0.737109375 0.4578125 0.719921875 0.467578125 0.700390625 0.4734375 0.6734375
0 0.62890625 0.81640625 0.6125 0.82421875 0.5984375 0.840625 0.591015625 0.868359375 0.600390625 0.911328125 0.61640625 0.938671875 0.640625 0.968359375 0.66484375 0.98203125 0.691015625 0.991015625 0.715625 0.988671875 0.740625 0.983984375 0.751171875 0.97734375 0.761328125 0.964453125 0.76953125 0.941015625 0.77265625 0.912109375 0.7609375 0.884765625 0.740625 0.85859375 0.718359375 0.833203125 0.688671875 0.816796875 0.65859375 0.81328125 0.62890625 0.81640625
0 0.6953125 0.59375 0.66953125 0.6109375 0.648046875 0.633203125 0.630859375 0.66640625 0.626171875 0.705859375 0.63359375 0.742578125 0.65 0.77109375 0.668359375 0.787109375 0.680078125 0.79296875 0.71640625 0.794921875 0.74765625 0.784375 0.76640625 0.766796875 0.776953125 0.73203125 0.7859375 0.6921875 0.7859375 0.641015625 0.7796875 0.60390625 0.76015625 0.58984375 0.73515625 0.590234375 0.6953125 0.59375
0 0.84609375 0.64921875 0.8234375 0.651953125 0.808984375 0.661328125 0.795703125 0.67421875 0.791015625 0.698828125 0.79453125 0.72890625 0.805078125 0.75546875 0.818359375 0.77734375 0.841015625 0.793359375 0.86328125 0.799609375 0.89453125 0.80078125 0.926953125 0.797265625 0.94296875 0.791796875 0.9578125 0.7765625 0.96328125 0.737890625 0.946875 0.698828125 0.926171875 0.67734375 0.899609375 0.66171875 0.873046875 0.65390625 0.84609375 0.64921875
0 0.86953125 0.45390625 0.816796875 0.4453125 0.7703125 0.457421875 0.74609375 0.4734375 0.73203125 0.50078125 0.73046875 0.543359375 0.7484375 0.575390625 0.78046875 0.6 0.80078125 0.6140625 0.837109375 0.61953125 0.8734375 0.6171875 0.90078125 0.612109375 0.928125 0.598046875 0.948828125 0.579296875 0.961328125 0.556640625 0.969921875 0.53203125 0.97109375 0.510546875 0.949609375 0.487109375 0.91171875 0.4671875 0.86953125 0.45390625
0 0.79296875 0.31484375 0.782421875 0.330078125 0.7828125 0.3640625 0.803125 0.396484375 0.821875 0.416015625 0.851171875 0.436328125 0.891796875 0.45 0.934375 0.4515625 0.958984375 0.448046875 0.98671875 0.430859375 0.994921875 0.4125 0.99765625 0.384375 0.994921875 0.362109375 0.98828125 0.344140625 0.972265625 0.329296875 0.93046875 0.311328125 0.87890625 0.298828125 0.84921875 0.295703125 0.816796875 0.3015625 0.79296875 0.31484375
0 0.81796875 0.2171875 0.827734375 0.24921875 0.848828125 0.27578125 0.87578125 0.294140625 0.918359375 0.30078125 0.944921875 0.2984375 0.9703125 0.2890625 0.9875 0.27109375 0.996875 0.253515625 0.997265625 0.23359375 0.99296875 0.203515625 0.974609375 0.18046875 0.943359375 0.1625 0.898046875 0.1578125 0.8671875 0.15859375 0.84453125 0.166796875 0.8265625 0.180078125 0.81796875 0.2171875
0 1 0.033203125 0.99609375 0.0265625 0.976171875 0.019921875 0.948046875 0.013671875 0.92734375 0.013671875 0.90546875 0.01640625 0.880859375 0.025390625 0.855078125 0.04375 0.84609375 0.060546875 0.835546875 0.087109375 0.83359375 0.105859375 0.843359375 0.12421875 0.8703125 0.1421875 0.91328125 0.1546875 0.946484375 0.1515625 0.98046875 0.141015625 1 0.127734375 1 0.033203125
0 0.60546875 0.001171875 0.627734375 0.021875 0.660546875 0.04765625 0.69921875 0.07109375 0.73046875 0.084375 0.76328125 0.08515625 0.795703125 0.076953125 0.811328125 0.062890625 0.81796875 0.031640625 0.80625 0 0.60546875 0.001171875
0 0.556640625 0.01171875 0.516015625 0.023046875 0.495703125 0.040234375 0.475 0.077734375 0.46796875 0.109375 0.475 0.136328125 0.4984375 0.155078125 0.534375 0.16328125 0.57734375 0.159765625 0.612109375 0.146875 0.633984375 0.12578125 0.64609375 0.0890625 0.63984375 0.055859375 0.6203125 0.0296875 0.587109375 0.0109375 0.556640625 0.01171875
0 0.637890625 0.36484375 0.613671875 0.3484375 0.5796875 0.346484375 0.55703125 0.3546875 0.537109375 0.370703125 0.516015625 0.3953125 0.508984375 0.420703125 0.505078125 0.46171875 0.5171875 0.50625 0.532421875 0.52734375 0.55703125 0.54765625 0.57265625 0.559765625 0.590234375 0.5640625 0.61171875 0.569140625 0.63046875 0.56875 0.65546875 0.5625 0.671875 0.54765625 0.684765625 0.525390625 0.691015625 0.49609375 0.689453125 0.461328125 0.677734375 0.428515625 0.665234375 0.39375 0.637890625 0.36484375
1 0.42421875 0.998828125 0.426953125 0.984375 0.4265625 0.9671875 0.421484375 0.943359375 0.41015625 0.926953125 0.3953125 0.92109375 0.37578125 0.93046875 0.35625 0.950390625 0.3390625 0.973828125 0.336328125 1 0.42421875 0.998828125