0 0.2138671875 0.06640625 0.1669921875 0.06640625 0.1494140625 0.07421875 0.13671875 0.1025390625 0.134765625 0.1259765625 0.150390625 0.1669921875 0.1767578125 0.19140625 0.2001953125 0.205078125 0.248046875 0.2119140625 0.2685546875 0.208984375 0.2880859375 0.19921875 0.3046875 0.1806640625 0.30859375 0.1650390625 0.298828125 0.1259765625 0.271484375 0.0908203125 0.2451171875 0.072265625 0.2138671875 0.06640625
0 0.6337890625 0.068359375 0.65625 0.0673828125 0.6826171875 0.052734375 0.705078125 0.0302734375 0.724609375 0.0009765625 0.5703125 0.0009765625 0.576171875 0.0361328125 0.5888671875 0.05078125 0.6142578125 0.064453125 0.6337890625 0.068359375
0 0.5009765625 0.125 0.484375 0.1396484375 0.470703125 0.1650390625 0.466015625 0.19609375 0.466796875 0.2197265625 0.489453125 0.258203125 0.5146484375 0.283203125 0.5595703125 0.310546875 0.578125 0.3115234375 0.6044921875 0.3046875 0.6328125 0.2802734375 0.640625 0.2490234375 0.634765625 0.1982421875 0.6142578125 0.171875 0.5810546875 0.146484375 0.5283203125 0.126953125 0.5009765625 0.125
0 0.7412109375 0.341796875 0.7177734375 0.33984375 0.7080078125 0.341796875 0.6884765625 0.35546875 0.6640625 0.3916015625 0.6640625 0.4599609375 0.6796875 0.4931640625 0.6962890625 0.513671875 0.7099609375 0.521484375 0.7421875 0.5244140625 0.7587890625 0.51953125 0.779296875 0.4951171875 0.79296875 0.4599609375 0.794921875 0.4384765625 0.783203125 0.3896484375 0.76953125 0.3603515625 0.7587890625 0.349609375 0.7412109375 0.341796875
0 0.5927734375 0.447265625 0.5556640625 0.451171875 0.517578125 0.4794921875 0.498046875 0.5029296875 0.48828125 0.5263671875 0.486328125 0.5498046875 0.490234375 0.5712890625 0.494140625 0.5830078125 0.5087890625 0.59765625 0.5302734375 0.60546875 0.576171875 0.6044921875 0.5869140625 0.603515625 0.6181640625 0.587890625 0.65234375 0.5458984375 0.658203125 0.5322265625 0.66015625 0.5048828125 0.65234375 0.4814453125 0.6162109375 0.451171875 0.5927734375 0.447265625
0 0.3974609375 0.572265625 0.3720703125 0.57421875 0.3515625 0.5888671875 0.34375 0.6025390625 0.34375 0.6259765625 0.353515625 0.6474609375 0.3759765625 0.671875 0.4345703125 0.6953125 0.466796875 0.6962890625 0.4873046875 0.69140625 0.509765625 0.6728515625 0.513671875 0.6630859375 0.513671875 0.6533203125 0.49609375 0.6201171875 0.4755859375 0.59765625 0.4384765625 0.578125 0.3974609375 0.572265625
0 0.8544921875 0.58984375 0.8408203125 0.58984375 0.8115234375 0.6015625 0.77734375 0.6416015625 0.76953125 0.6650390625 0.76953125 0.6943359375 0.775390625 0.7119140625 0.8017578125 0.734375 0.8115234375 0.73828125 0.837890625 0.7373046875 0.8544921875 0.732421875 0.8779296875 0.716796875 0.91015625 0.6787109375 0.916015625 0.6630859375 0.916015625 0.6376953125 0.90234375 0.6162109375 0.8857421875 0.6015625 0.8544921875 0.58984375
0 0.5009765625 0.796875 0.4609375 0.8330078125 0.439453125 0.8701171875 0.439453125 0.9013671875 0.4541015625 0.91796875 0.4814453125 0.93359375 0.5068359375 0.94140625 0.533203125 0.9404296875 0.5556640625 0.935546875 0.5810546875 0.919921875 0.61328125 0.8857421875 0.626953125 0.8544921875 0.623046875 0.8271484375 0.5869140625 0.7890625 0.5302734375 0.787109375 0.5009765625 0.796875
0 0.3642578125 0.73046875 0.3408203125 0.73046875 0.3310546875 0.734375 0.294921875 0.7666015625 0.27734375 0.7998046875 0.275390625 0.8271484375 0.29296875 0.8642578125 0.3173828125 0.880859375 0.3359375 0.8818359375 0.3525390625 0.87890625 0.3837890625 0.859375 0.400390625 0.8408203125 0.412109375 0.8193359375 0.423828125 0.7744140625 0.416015625 0.7529296875 0.3994140625 0.736328125 0.3642578125 0.73046875
0 0.1689453125 0.619140625 0.13671875 0.6396484375 0.10546875 0.6865234375 0.095703125 0.7275390625 0.099609375 0.7548828125 0.1240234375 0.791015625 0.1572265625 0.806640625 0.181640625 0.8056640625 0.1943359375 0.802734375 0.228515625 0.7705078125 0.25 0.7099609375 0.25 0.6806640625 0.234375 0.6435546875 0.2236328125 0.630859375 0.2001953125 0.6171875 0.1689453125 0.619140625
0 0.1494140625 0.43359375 0.1171875 0.4619140625 0.107421875 0.4873046875 0.111328125 0.5185546875 0.12109375 0.5400390625 0.1552734375 0.578125 0.1806640625 0.59765625 0.23046875 0.6064453125 0.2509765625 0.60546875 0.2685546875 0.59765625 0.291015625 0.5654296875 0.29296875 0.5341796875 0.279296875 0.5009765625 0.2353515625 0.44921875 0.1982421875 0.43359375 0.1494140625 0.43359375
0 0 0.6884765625 0.0126953125 0.705078125 0.0322265625 0.71484375 0.064453125 0.7158203125 0.0810546875 0.708984375 0.08984375 0.6962890625 0.099609375 0.6572265625 0.09765625 0.6298828125 0.08203125 0.5869140625 0.056640625 0.5537109375 0.0400390625 0.541015625 0.0107421875 0.53515625 0 0.5400390625 0 0.6884765625
0 0.03125 0.9091796875 0.025390625 0.9306640625 0.025390625 0.9814453125 0.029296875 0.9990234375 0.150390625 0.9990234375 0.15625 0.9794921875 0.15625 0.9501953125 0.146484375 0.9033203125 0.1181640625 0.8671875 0.1064453125 0.861328125 0.0712890625 0.861328125 0.05078125 0.8798828125 0.03125 0.9091796875
0 0.2080078125 0.927734375 0.193359375 0.9423828125 0.17578125 0.9736328125 0.1767578125 1 0.322265625 0.9990234375 0.33203125 0.9658203125 0.330078125 0.9482421875 0.326171875 0.9384765625 0.3076171875 0.919921875 0.2919921875 0.912109375 0.2470703125 0.91015625 0.2294921875 0.916015625 0.2080078125 0.927734375
0 0.8662109375 0.853515625 0.84375 0.8798828125 0.8359375 0.9111328125 0.837890625 0.9541015625 0.853515625 0.9970703125 0.8564453125 1 0.943359375 0.9990234375 0.958984375 0.9755859375 0.962890625 0.9521484375 0.962890625 0.9267578125 0.955078125 0.8896484375 0.9228515625 0.85546875 0.9150390625 0.8515625 0.8798828125 0.84765625 0.8662109375 0.853515625
0 0.849609375 0.281640625 0.822265625 0.2919921875 0.814453125 0.3134765625 0.814453125 0.3740234375 0.8203125 0.3955078125 0.83984375 0.4208984375 0.8642578125 0.443359375 0.8779296875 0.447265625 0.90625 0.4462890625 0.95703125 0.4111328125 0.95703125 0.3818359375 0.94921875 0.3505859375 0.93359375 0.3193359375 0.9150390625 0.302734375 0.884765625 0.2880859375 0.8759765625 0.283203125 0.849609375 0.281640625
0 0.8798828125 0.076171875 0.84375 0.1142578125 0.828125 0.1474609375 0.826171875 0.1728515625 0.837890625 0.2216796875 0.8515625 0.2392578125 0.8701171875 0.255859375 0.8955078125 0.263671875 0.916015625 0.2626953125 0.943359375 0.2529296875 0.966796875 0.2138671875 0.97265625 0.1767578125 0.96875 0.1181640625 0.9609375 0.0869140625 0.9462890625 0.0703125 0.9033203125 0.064453125 0.8798828125 0.076171875
1 1 0.4306640625 0.9853515625 0.431640625 0.9794921875 0.427734375 0.9638671875 0.427734375 0.9375 0.4482421875 0.935546875 0.4560546875 0.923828125 0.4697265625 0.923828125 0.4833984375 0.9541015625 0.515625 0.9873046875 0.52734375 1 0.5263671875 1 0.4306640625