0 0.123046875 0.1689453125 0.1435546875 0.185546875 0.1884765625 0.185546875 0.2060546875 0.177734375 0.2236328125 0.166015625 0.248046875 0.1357421875 0.267578125 0.0771484375 0.2666015625 0.0546875 0.259765625 0.0361328125 0.2509765625 0.02734375 0.2236328125 0.015625 0.1962890625 0.01953125 0.1728515625 0.029296875 0.1279296875 0.068359375 0.1171875 0.0830078125 0.10546875 0.1201171875 0.109375 0.1494140625 0.123046875 0.1689453125
0 0.5634765625 0 0.5498046875 0.00390625 0.5146484375 0.029296875 0.4990234375 0.03515625 0.4765625 0.0576171875 0.46875 0.0791015625 0.46875 0.1201171875 0.4951171875 0.150390625 0.5146484375 0.162109375 0.5615234375 0.162109375 0.6083984375 0.1328125 0.62109375 0.1201171875 0.646484375 0.0615234375 0.6494140625 0.037109375 0.642578125 0.0146484375 0.6259765625 0 0.5634765625 0
0 0.5625 0.2705078125 0.6025390625 0.3203125 0.6201171875 0.330078125 0.6630859375 0.3359375 0.6748046875 0.33203125 0.6875 0.3193359375 0.70703125 0.2841796875 0.7099609375 0.212890625 0.703125 0.1689453125 0.6943359375 0.16015625 0.6689453125 0.1484375 0.6357421875 0.1484375 0.6142578125 0.154296875 0.5908203125 0.169921875 0.55859375 0.1845703125 0.552734375 0.2080078125 0.5546875 0.2470703125 0.5625 0.2705078125
0 0.8037109375 0.25 0.8330078125 0.244140625 0.859375 0.2177734375 0.865234375 0.2021484375 0.8662109375 0.18359375 0.85546875 0.1396484375 0.841796875 0.1220703125 0.8232421875 0.107421875 0.7939453125 0.1015625 0.7431640625 0.10546875 0.712890625 0.1318359375 0.724609375 0.2001953125 0.7392578125 0.21875 0.7744140625 0.248046875 0.8037109375 0.25
0 0.787109375 0.4384765625 0.8095703125 0.453125 0.8466796875 0.453125 0.873046875 0.4365234375 0.888671875 0.4111328125 0.8876953125 0.36328125 0.880859375 0.3251953125 0.86328125 0.2978515625 0.8427734375 0.28515625 0.8076171875 0.283203125 0.7919921875 0.287109375 0.7724609375 0.30078125 0.751953125 0.3251953125 0.75 0.3623046875 0.755859375 0.3994140625 0.787109375 0.4384765625
0 0.6904296875 0.830078125 0.7099609375 0.837890625 0.7470703125 0.837890625 0.77734375 0.8212890625 0.802734375 0.7783203125 0.8056640625 0.71875 0.796875 0.6748046875 0.7783203125 0.650390625 0.7607421875 0.63671875 0.7099609375 0.63671875 0.6943359375 0.64453125 0.662109375 0.6826171875 0.64453125 0.7470703125 0.64453125 0.7705078125 0.662109375 0.8017578125 0.6904296875 0.830078125
0 0.498046875 0.7470703125 0.51171875 0.7744140625 0.5283203125 0.787109375 0.5517578125 0.796875 0.5615234375 0.796875 0.5771484375 0.787109375 0.611328125 0.7509765625 0.634765625 0.7119140625 0.6376953125 0.6640625 0.63671875 0.6533203125 0.619140625 0.6259765625 0.6083984375 0.6171875 0.5947265625 0.615234375 0.5810546875 0.615234375 0.5537109375 0.62890625 0.5087890625 0.66015625 0.498046875 0.6767578125 0.4921875 0.7138671875 0.498046875 0.7470703125
0 0.3603515625 1 0.369140625 0.9873046875 0.3828125 0.9501953125 0.3837890625 0.921875 0.376953125 0.8916015625 0.3623046875 0.880859375 0.3349609375 0.880859375 0.2998046875 0.890625 0.2666015625 0.919921875 0.2578125 0.9287109375 0.23046875 0.9619140625 0.2265625 0.9697265625 0.224609375 0.9990234375 0.3603515625 1
0 0.1943359375 0.85546875 0.2333984375 0.873046875 0.259375 0.875 0.2880859375 0.869140625 0.32421875 0.8310546875 0.34765625 0.7880859375 0.357421875 0.7529296875 0.3564453125 0.72265625 0.34375 0.6904296875 0.3330078125 0.681640625 0.3193359375 0.681640625 0.2685546875 0.693359375 0.2177734375 0.7265625 0.19140625 0.7607421875 0.173828125 0.7958984375 0.173828125 0.8154296875 0.185546875 0.8447265625 0.1943359375 0.85546875
0 0.103515625 0.5830078125 0.10546875 0.6279296875 0.119140625 0.6513671875 0.1591796875 0.68359375 0.2080078125 0.6953125 0.2275390625 0.69140625 0.2958984375 0.650390625 0.31640625 0.6240234375 0.3193359375 0.6015625 0.31640625 0.5830078125 0.3037109375 0.5625 0.2744140625 0.546875 0.2373046875 0.541015625 0.234375 0.5322265625 0.2119140625 0.513671875 0.1845703125 0.513671875 0.1513671875 0.5234375 0.119140625 0.5537109375 0.103515625 0.5830078125
0 0.3232421875 0.53125 0.3564453125 0.51953125 0.384765625 0.4951171875 0.39453125 0.4775390625 0.3955078125 0.4296875 0.38671875 0.4150390625 0.3564453125 0.388671875 0.2646484375 0.390625 0.1953125 0.4150390625 0.189453125 0.4345703125 0.189453125 0.4697265625 0.2119140625 0.5 0.2373046875 0.515625 0.2939453125 0.529296875 0.3232421875 0.53125
0 0.0810546875 0.4609375 0.05859375 0.4189453125 0.0458984375 0.404296875 0.0166015625 0.390625 0 0.3935546875 0.0009765625 0.56640625 0.0263671875 0.56640625 0.0380859375 0.5625 0.05859375 0.5419921875 0.076171875 0.5126953125 0.0810546875 0.4609375
0 0 0.1748046875 0.0029296875 0.177734375 0.0087890625 0.177734375 0.046875 0.1533203125 0.048828125 0.1474609375 0.0703125 0.1279296875 0.078125 0.1162109375 0.083984375 0.0986328125 0.0830078125 0.091796875 0.078125 0.0634765625 0.0556640625 0.037109375 0.0478515625 0.033203125 0.0205078125 0.033203125 0 0.0380859375 0 0.1748046875