0 1 0.087890625 0.969140625 0.086328125 0.94453125 0.08828125 0.913671875 0.095703125 0.90703125 0.116015625 0.905859375 0.135546875 0.90703125 0.15546875 0.908203125 0.18359375 0.91328125 0.206640625 0.924609375 0.227734375 0.941015625 0.249609375 0.952734375 0.2609375 0.973828125 0.269921875 1 0.266015625 1 0.087890625
0 0.680859375 0.253125 0.7171875 0.2515625 0.743359375 0.23828125 0.765625 0.215625 0.79296875 0.18046875 0.8046875 0.15390625 0.811328125 0.116015625 0.8078125 0.090625 0.7375 0.08671875 0.683203125 0.091796875 0.63125 0.102734375 0.62421875 0.1171875 0.61875 0.140625 0.619140625 0.16171875 0.62265625 0.183984375 0.629296875 0.205859375 0.63984375 0.227734375 0.65625 0.24453125 0.680859375 0.253125
0 0.73359375 0.43515625 0.753515625 0.415625 0.763671875 0.39140625 0.7625 0.366015625 0.753515625 0.330859375 0.737890625 0.307421875 0.69921875 0.28125 0.659375 0.26328125 0.62890625 0.251953125 0.594140625 0.24765625 0.56171875 0.251953125 0.538671875 0.267578125 0.5265625 0.288671875 0.525390625 0.31015625 0.52734375 0.340234375 0.537109375 0.36015625 0.550390625 0.383203125 0.5796875 0.408203125 0.641015625 0.433203125 0.6859375 0.441796875 0.73359375 0.43515625
0 0.635546875 0.6515625 0.66875 0.639453125 0.6875 0.615234375 0.69140625 0.58984375 0.694140625 0.54375 0.685546875 0.498828125 0.66953125 0.46484375 0.63828125 0.437109375 0.602734375 0.419921875 0.5703125 0.411328125 0.533203125 0.40859375 0.509375 0.4171875 0.503125 0.4296875 0.498828125 0.45546875 0.504296875 0.490234375 0.516015625 0.533203125 0.534765625 0.572265625 0.555078125 0.6046875 0.576953125 0.62890625 0.603125 0.646875 0.635546875 0.6515625
0 0.571875 0.859765625 0.596484375 0.8515625 0.6234375 0.841015625 0.643359375 0.82734375 0.663671875 0.80625 0.678515625 0.7703125 0.683984375 0.73671875 0.67890625 0.707421875 0.66796875 0.686328125 0.633984375 0.66953125 0.593359375 0.676953125 0.55078125 0.6875 0.51796875 0.70546875 0.49921875 0.72578125 0.4828125 0.7515625 0.48125 0.77578125 0.483984375 0.80625 0.49296875 0.83671875 0.514453125 0.855859375 0.542578125 0.862109375 0.571875 0.859765625
0 0.720703125 1 0.71171875 0.990234375 0.705078125 0.974609375 0.696484375 0.963671875 0.684375 0.94765625 0.66953125 0.931640625 0.650390625 0.912109375 0.637890625 0.901171875 0.61875 0.893359375 0.5875 0.8921875 0.56875 0.8953125 0.5515625 0.905078125 0.5359375 0.91484375 0.528515625 0.93046875 0.523046875 0.961328125 0.528125 0.9828125 0.5328125 1 0.720703125 1
0 0.483203125 0.8984375 0.460546875 0.88203125 0.444140625 0.878515625 0.41875 0.878515625 0.40390625 0.881640625 0.3828125 0.89140625 0.369140625 0.9 0.346875 0.9109375 0.33203125 0.92421875 0.3203125 0.941015625 0.312890625 0.95859375 0.3109375 0.975 0.3125 0.9890625 0.315234375 0.99921875 0.47265625 1 0.484375 0.990625 0.493359375 0.973828125 0.498828125 0.95546875 0.498828125 0.928125 0.4953125 0.91328125 0.483203125 0.8984375
0 0.841796875 0.966015625 0.862109375 0.95078125 0.874609375 0.9265625 0.8796875 0.8984375 0.871484375 0.868359375 0.84375 0.83828125 0.8203125 0.82265625 0.79140625 0.81015625 0.755859375 0.803515625 0.722265625 0.80078125 0.6890625 0.8109375 0.673046875 0.826171875 0.663671875 0.84375 0.656640625 0.860546875 0.655078125 0.882421875 0.658203125 0.90234375 0.672265625 0.923046875 0.689453125 0.94296875 0.713671875 0.958984375 0.7453125 0.97109375 0.771484375 0.974609375 0.808984375 0.9734375 0.841796875 0.966015625
0 0.953125 0.85234375 0.974609375 0.83828125 0.986328125 0.81328125 0.985546875 0.776953125 0.9765625 0.743359375 0.957421875 0.71640625 0.934375 0.70234375 0.90546875 0.688671875 0.868359375 0.68671875 0.837109375 0.691796875 0.812890625 0.70390625 0.80078125 0.71875 0.79609375 0.731640625 0.791015625 0.746875 0.79375 0.77421875 0.8 0.7921875 0.812109375 0.811328125 0.8234375 0.82265625 0.843359375 0.837890625 0.878125 0.856640625 0.9140625 0.857421875 0.953125 0.85234375
0 0.2203125 0.776171875 0.22890625 0.7265625 0.225 0.675390625 0.195703125 0.632421875 0.1703125 0.608984375 0.148046875 0.599609375 0.11171875 0.60703125 0.08046875 0.637890625 0.063671875 0.677734375 0.0640625 0.704296875 0.06640625 0.739453125 0.07421875 0.766796875 0.089453125 0.798046875 0.1078125 0.8171875 0.138671875 0.826953125 0.166015625 0.823046875 0.199609375 0.80546875 0.2203125 0.776171875
0 0.320703125 0.64765625 0.358203125 0.6015625 0.369140625 0.55 0.366796875 0.49765625 0.348046875 0.465234375 0.318359375 0.447265625 0.275 0.444140625 0.23046875 0.458984375 0.212890625 0.47578125 0.2015625 0.496484375 0.1921875 0.51953125 0.18671875 0.536328125 0.1875 0.566015625 0.190625 0.601171875 0.201171875 0.626953125 0.218359375 0.6546875 0.246484375 0.66484375 0.264453125 0.6671875 0.30078125 0.659765625 0.320703125 0.64765625
0 0 0.5421875 0.01953125 0.550390625 0.060546875 0.551171875 0.091796875 0.544921875 0.1296875 0.526953125 0.152734375 0.512109375 0.169921875 0.490234375 0.17578125 0.471484375 0.174609375 0.4484375 0.170703125 0.420703125 0.16015625 0.39765625 0.153125 0.38125 0.133984375 0.361328125 0.111328125 0.3484375 0.0875 0.344921875 0.0546875 0.346484375 0.028515625 0.353515625 0.014453125 0.36015625 0 0.3703125 0 0.5421875
0 0.290234375 0.36796875 0.326953125 0.35390625 0.34921875 0.334375 0.371875 0.306640625 0.37578125 0.278125 0.3734375 0.257421875 0.36484375 0.234765625 0.3515625 0.214453125 0.323046875 0.194921875 0.288671875 0.1875 0.255078125 0.18828125 0.214453125 0.198828125 0.1828125 0.213671875 0.165234375 0.2328125 0.147265625 0.2515625 0.13515625 0.27109375 0.129296875 0.2859375 0.128515625 0.309765625 0.133984375 0.3296875 0.14609375 0.348046875 0.15703125 0.36171875 0.180078125 0.37421875 0.216015625 0.3796875 0.25703125 0.376171875 0.290234375 0.36796875
0 0.520703125 0.24140625 0.553515625 0.219921875 0.5796875 0.187109375 0.591015625 0.14140625 0.59140625 0.111328125 0.591796875 0.09140625 0.509375 0.09921875 0.456640625 0.1125 0.40546875 0.127734375 0.398046875 0.150390625 0.4046875 0.177734375 0.409375 0.203125 0.412890625 0.2234375 0.42109375 0.2390625 0.44296875 0.246484375 0.483984375 0.250390625 0.520703125 0.24140625
1 0.502734375 0.52421875 0.5046875 0.50234375 0.500390625 0.483203125 0.4921875 0.46328125 0.4796875 0.444140625 0.455078125 0.432421875 0.430078125 0.426171875 0.405078125 0.42734375 0.382421875 0.438671875 0.373046875 0.455859375 0.3734375 0.47265625 0.3796875 0.494921875 0.387109375 0.512890625 0.399609375 0.531640625 0.423828125 0.548828125 0.454296875 0.557421875 0.48515625 0.551953125 0.495703125 0.54296875 0.502734375 0.52421875