0 0.4423828125 0.873046875 0.4677734375 0.86328125 0.48828125 0.8388671875 0.48828125 0.8017578125 0.4560546875 0.763671875 0.439453125 0.7548828125 0.3740234375 0.7578125 0.3251953125 0.77734375 0.3046875 0.7978515625 0.3046875 0.8134765625 0.318359375 0.8427734375 0.3603515625 0.869140625 0.3818359375 0.876953125 0.4423828125 0.873046875
0 0.3837890625 0.7421875 0.408203125 0.7216796875 0.4140625 0.7060546875 0.41015625 0.6826171875 0.3837890625 0.65625 0.341796875 0.6435546875 0.30703125 0.640625 0.2705078125 0.65234375 0.251171875 0.659375 0.23046875 0.6826171875 0.218359375 0.7015625 0.208984375 0.7275390625 0.208984375 0.7431640625 0.2197265625 0.767578125 0.2529296875 0.78515625 0.2880859375 0.791015625 0.3212890625 0.76953125 0.3408203125 0.75390625 0.3837890625 0.7421875
0 0.62109375 0.7451171875 0.619140625 0.7314453125 0.60546875 0.7041015625 0.5869140625 0.685546875 0.5478515625 0.65234375 0.53125 0.6435546875 0.4814453125 0.64453125 0.4609375 0.6669921875 0.455078125 0.6943359375 0.45703125 0.7060546875 0.470703125 0.7353515625 0.5146484375 0.78125 0.5498046875 0.794921875 0.5888671875 0.791015625 0.611328125 0.7685546875 0.62109375 0.7451171875
0 0.525390625 0.5537109375 0.529296875 0.5166015625 0.521484375 0.4853515625 0.501953125 0.4541015625 0.4775390625 0.4375 0.462890625 0.4345703125 0.4287109375 0.4375 0.404296875 0.4541015625 0.392578125 0.4697265625 0.388671875 0.4833984375 0.388671875 0.5205078125 0.400390625 0.5556640625 0.4228515625 0.580078125 0.4521484375 0.59765625 0.4716796875 0.599609375 0.4912109375 0.595703125 0.509765625 0.5810546875 0.525390625 0.5537109375
0 0.34765625 0.5869140625 0.34765625 0.5693359375 0.3359375 0.5458984375 0.3173828125 0.521484375 0.2880859375 0.501953125 0.240234375 0.4912109375 0.2158203125 0.490234375 0.1865234375 0.498046875 0.150390625 0.5244140625 0.14453125 0.5498046875 0.146484375 0.5751953125 0.16015625 0.6025390625 0.1982421875 0.6328125 0.2333984375 0.64453125 0.2685546875 0.642578125 0.3310546875 0.623046875 0.341796875 0.6103515625 0.34765625 0.5869140625
0 0.150390625 0.4560546875 0.150390625 0.3994140625 0.138671875 0.3681640625 0.1181640625 0.34375 0.1005859375 0.33203125 0.076171875 0.3271484375 0.0517578125 0.330078125 0.0322265625 0.33984375 0.015625 0.3564453125 0.00390625 0.3974609375 0.00390625 0.4521484375 0.01171875 0.4775390625 0.0380859375 0.5078125 0.0791015625 0.5234375 0.1162109375 0.5078125 0.142578125 0.4814453125 0.150390625 0.4560546875
0 0.107421875 0.7626953125 0.12109375 0.7392578125 0.126953125 0.6806640625 0.12109375 0.6513671875 0.115234375 0.6376953125 0.087890625 0.6142578125 0.0576171875 0.61328125 0.0439453125 0.619140625 0.01953125 0.6416015625 0.0078125 0.6611328125 0.005859375 0.7275390625 0.009765625 0.7392578125 0.0244140625 0.76171875 0.0537109375 0.779296875 0.0693359375 0.78125 0.0908203125 0.775390625 0.107421875 0.7626953125
0 0.0947265625 0.08984375 0.1142578125 0.076171875 0.130859375 0.0576171875 0.138671875 0.0361328125 0.134765625 0.0244140625 0.11328125 0.0009765625 0.0009765625 0 0 0.0888671875 0.0166015625 0.095703125 0.0712890625 0.09765625 0.0947265625 0.08984375
0 0.9443359375 0.474609375 0.9677734375 0.48046875 0.9990234375 0.478515625 1 0.3486328125 0.9677734375 0.333984375 0.943359375 0.3310546875 0.9189453125 0.333984375 0.892578125 0.3505859375 0.880859375 0.3740234375 0.8828125 0.4150390625 0.900390625 0.4443359375 0.9248046875 0.46484375 0.9443359375 0.474609375
0 0.796875 0.5322265625 0.80859375 0.5009765625 0.810546875 0.4697265625 0.806640625 0.4462890625 0.7880859375 0.423828125 0.767578125 0.4111328125 0.7451171875 0.41015625 0.7255859375 0.416015625 0.69921875 0.4384765625 0.685546875 0.4599609375 0.681640625 0.5068359375 0.685546875 0.5341796875 0.7021484375 0.556640625 0.7294921875 0.57421875 0.7490234375 0.576171875 0.7724609375 0.56640625 0.796875 0.5322265625
1 0.6748046875 0.69140625 0.6943359375 0.681640625 0.70703125 0.6650390625 0.705078125 0.6533203125 0.6884765625 0.640625 0.63671875 0.6357421875 0.6025390625 0.638671875 0.5859375 0.6591796875 0.5859375 0.6669921875 0.591796875 0.6767578125 0.6123046875 0.693359375 0.6513671875 0.6953125 0.6748046875 0.69140625
0 0.03125 0.9892578125 0.03125 0.9990234375 0.1513671875 1 0.134765625 0.9541015625 0.1201171875 0.935546875 0.11328125 0.9345703125 0.0791015625 0.93359375 0.0615234375 0.943359375 0.041015625 0.9697265625 0.03125 0.9892578125