0 0.9208984375 0.341796875 0.90625 0.3603515625 0.900390625 0.3759765625 0.9013671875 0.40234375 0.90625 0.4287109375 0.9306640625 0.45703125 0.9443359375 0.466796875 0.9677734375 0.47265625 0.9853515625 0.482421875 1 0.4833984375 0.9990234375 0.33203125 0.9833984375 0.328125 0.9482421875 0.328125 0.9208984375 0.341796875
0 1 0.5146484375 0.9921875 0.5009765625 0.9736328125 0.482421875 0.9619140625 0.4765625 0.9345703125 0.474609375 0.9052734375 0.484375 0.87890625 0.5126953125 0.8759765625 0.5546875 0.876953125 0.5673828125 0.884765625 0.5849609375 0.9033203125 0.607421875 0.9228515625 0.62109375 0.9736328125 0.6328125 0.99609375 0.6201171875 1 0.6123046875 1 0.5146484375
0 0.5009765625 0.412109375 0.4697265625 0.41015625 0.4345703125 0.419921875 0.4013671875 0.4375 0.375 0.4677734375 0.365234375 0.4931640625 0.3662109375 0.517578125 0.3876953125 0.54296875 0.4033203125 0.548828125 0.4384765625 0.548828125 0.4736328125 0.537109375 0.5068359375 0.517578125 0.533203125 0.4951171875 0.54296875 0.4736328125 0.5390625 0.4482421875 0.5263671875 0.427734375 0.5009765625 0.412109375
0 0.3984375 0.0009765625 0.2880859375 0 0.271484375 0.0400390625 0.267578125 0.0654296875 0.2685546875 0.095703125 0.271484375 0.1123046875 0.28125 0.1318359375 0.2939453125 0.146484375 0.3056640625 0.154296875 0.3291015625 0.154296875 0.3369140625 0.150390625 0.373046875 0.1064453125 0.390625 0.0771484375 0.40234375 0.0400390625 0.3984375 0.0009765625
0 0.4462890625 0.087890625 0.4287109375 0.087890625 0.4013671875 0.095703125 0.37890625 0.1298828125 0.337890625 0.1669921875 0.330078125 0.1943359375 0.3310546875 0.2265625 0.3447265625 0.248046875 0.3623046875 0.25390625 0.4091796875 0.248046875 0.4345703125 0.236328125 0.46875 0.1962890625 0.484375 0.1630859375 0.484375 0.1396484375 0.47265625 0.1083984375 0.4560546875 0.091796875 0.4462890625 0.087890625
0 0.3466796875 0.6171875 0.33984375 0.6044921875 0.3271484375 0.595703125 0.2978515625 0.59765625 0.2587890625 0.611328125 0.2421875 0.6259765625 0.22265625 0.6611328125 0.2236328125 0.68359375 0.232421875 0.7099609375 0.2529296875 0.73046875 0.2744140625 0.73828125 0.3232421875 0.73828125 0.3701171875 0.720703125 0.3984375 0.6943359375 0.404296875 0.6826171875 0.404296875 0.6533203125 0.3896484375 0.626953125 0.3466796875 0.6171875
0 0.1455078125 1 0.158203125 0.9677734375 0.158203125 0.9306640625 0.1484375 0.9013671875 0.13671875 0.8837890625 0.1142578125 0.8671875 0.0810546875 0.8671875 0.0556640625 0.8828125 0.029296875 0.9091796875 0.009765625 0.9462890625 0 0.9677734375 0.0009765625 1 0.1455078125 1
0 0.56640625 0.6455078125 0.5380859375 0.619140625 0.5205078125 0.61328125 0.4931640625 0.6171875 0.474609375 0.6357421875 0.4609375 0.6611328125 0.455078125 0.6884765625 0.4560546875 0.70703125 0.462890625 0.7333984375 0.4765625 0.7607421875 0.4873046875 0.771484375 0.5048828125 0.779296875 0.5302734375 0.779296875 0.5556640625 0.771484375 0.572265625 0.7529296875 0.583984375 0.7177734375 0.580078125 0.6787109375 0.56640625 0.6455078125
0 0.6728515625 0.703125 0.6513671875 0.697265625 0.6298828125 0.69921875 0.6083984375 0.712890625 0.595703125 0.7275390625 0.564453125 0.7841796875 0.5654296875 0.822265625 0.568359375 0.8330078125 0.5791015625 0.845703125 0.6064453125 0.85546875 0.6240234375 0.853515625 0.6474609375 0.837890625 0.6796875 0.8056640625 0.697265625 0.7783203125 0.69921875 0.7470703125 0.689453125 0.7197265625 0.6728515625 0.703125
0 0.9609375 0.8974609375 0.9345703125 0.8671875 0.8896484375 0.841796875 0.8486328125 0.841796875 0.8232421875 0.85546875 0.806640625 0.8798828125 0.8017578125 0.91015625 0.802734375 0.9267578125 0.8203125 0.9677734375 0.8388671875 0.98828125 0.8544921875 0.99609375 0.8759765625 1 0.9248046875 0.99609375 0.9443359375 0.98828125 0.970703125 0.9638671875 0.970703125 0.9228515625 0.9609375 0.8974609375
0 0.7080078125 0 0.7080078125 0.005859375 0.724609375 0.0283203125 0.7470703125 0.05078125 0.7646484375 0.05859375 0.7958984375 0.05859375 0.8115234375 0.052734375 0.837890625 0.0302734375 0.849609375 0.0107421875 0.8486328125 0 0.7080078125 0