0 0.8798828125 0.10546875 0.8505859375 0.109375 0.8310546875 0.123046875 0.814453125 0.1435546875 0.814453125 0.1884765625 0.822265625 0.2060546875 0.833984375 0.2236328125 0.8642578125 0.248046875 0.9228515625 0.267578125 0.9453125 0.2666015625 0.9638671875 0.259765625 0.97265625 0.2509765625 0.984375 0.2236328125 0.98046875 0.1962890625 0.970703125 0.1728515625 0.931640625 0.1279296875 0.9169921875 0.1171875 0.8798828125 0.10546875
0 1 0.5634765625 0.99609375 0.5498046875 0.970703125 0.5146484375 0.96484375 0.4990234375 0.9423828125 0.4765625 0.9208984375 0.46875 0.8798828125 0.46875 0.849609375 0.4951171875 0.837890625 0.5146484375 0.837890625 0.5615234375 0.8671875 0.6083984375 0.8798828125 0.62109375 0.9384765625 0.646484375 0.962890625 0.6494140625 0.9853515625 0.642578125 1 0.6259765625 1 0.5634765625
0 0.7919921875 0.552734375 0.7529296875 0.5546875 0.7294921875 0.5625 0.6796875 0.6025390625 0.669921875 0.6201171875 0.6640625 0.6630859375 0.66796875 0.6748046875 0.6806640625 0.6875 0.7158203125 0.70703125 0.787109375 0.7099609375 0.8310546875 0.703125 0.83984375 0.6943359375 0.8515625 0.6689453125 0.8515625 0.6357421875 0.845703125 0.6142578125 0.830078125 0.5908203125 0.8154296875 0.55859375 0.7919921875 0.552734375
0 0.78125 0.7392578125 0.751953125 0.7744140625 0.75 0.8037109375 0.755859375 0.8330078125 0.7822265625 0.859375 0.7978515625 0.865234375 0.81640625 0.8662109375 0.8603515625 0.85546875 0.8779296875 0.841796875 0.892578125 0.8232421875 0.8984375 0.7939453125 0.89453125 0.7431640625 0.8681640625 0.712890625 0.7998046875 0.724609375 0.78125 0.7392578125
0 0.6376953125 0.75 0.6005859375 0.755859375 0.5615234375 0.787109375 0.546875 0.8095703125 0.546875 0.8466796875 0.5634765625 0.873046875 0.5888671875 0.888671875 0.63671875 0.8876953125 0.6748046875 0.880859375 0.7021484375 0.86328125 0.71484375 0.8427734375 0.716796875 0.8076171875 0.712890625 0.7919921875 0.69921875 0.7724609375 0.6748046875 0.751953125 0.6376953125 0.75
0 0.2294921875 0.64453125 0.1982421875 0.662109375 0.169921875 0.6904296875 0.162109375 0.7099609375 0.162109375 0.7470703125 0.1787109375 0.77734375 0.2216796875 0.802734375 0.28125 0.8056640625 0.3251953125 0.796875 0.349609375 0.7783203125 0.36328125 0.7607421875 0.36328125 0.7099609375 0.35546875 0.6943359375 0.3173828125 0.662109375 0.2529296875 0.64453125 0.2294921875 0.64453125
0 0.3232421875 0.498046875 0.2861328125 0.4921875 0.2529296875 0.498046875 0.2255859375 0.51171875 0.212890625 0.5283203125 0.203125 0.5517578125 0.203125 0.5615234375 0.212890625 0.5771484375 0.2490234375 0.611328125 0.2880859375 0.634765625 0.3359375 0.6376953125 0.3466796875 0.63671875 0.3740234375 0.619140625 0.3828125 0.6083984375 0.384765625 0.5947265625 0.384765625 0.5810546875 0.37109375 0.5537109375 0.33984375 0.5087890625 0.3232421875 0.498046875
0 0.0302734375 0.2265625 0.0009765625 0.224609375 0 0.3603515625 0.0126953125 0.369140625 0.0498046875 0.3828125 0.078125 0.3837890625 0.1083984375 0.376953125 0.119140625 0.3623046875 0.119140625 0.3349609375 0.109375 0.2998046875 0.080078125 0.2666015625 0.0712890625 0.2578125 0.0380859375 0.23046875 0.0302734375 0.2265625
0 0.1845703125 0.173828125 0.1552734375 0.185546875 0.14453125 0.1943359375 0.126953125 0.2333984375 0.125 0.259375 0.130859375 0.2880859375 0.1689453125 0.32421875 0.2119140625 0.34765625 0.2470703125 0.357421875 0.27734375 0.3564453125 0.3095703125 0.34375 0.318359375 0.3330078125 0.318359375 0.3193359375 0.306640625 0.2685546875 0.2734375 0.2177734375 0.2392578125 0.19140625 0.2041015625 0.173828125 0.1845703125 0.173828125
0 0.4765625 0.1513671875 0.4462890625 0.119140625 0.4169921875 0.103515625 0.3720703125 0.10546875 0.3486328125 0.119140625 0.31640625 0.1591796875 0.3046875 0.2080078125 0.30859375 0.2275390625 0.349609375 0.2958984375 0.3759765625 0.31640625 0.3984375 0.3193359375 0.4169921875 0.31640625 0.4375 0.3037109375 0.453125 0.2744140625 0.458984375 0.2373046875 0.4677734375 0.234375 0.486328125 0.2119140625 0.486328125 0.1845703125 0.4765625 0.1513671875
0 0.484375 0.2373046875 0.470703125 0.2939453125 0.46875 0.3232421875 0.48046875 0.3564453125 0.5048828125 0.384765625 0.5224609375 0.39453125 0.5703125 0.3955078125 0.5849609375 0.38671875 0.611328125 0.3564453125 0.609375 0.2646484375 0.5849609375 0.1953125 0.5654296875 0.189453125 0.5302734375 0.189453125 0.5 0.2119140625 0.484375 0.2373046875
0 0.4580078125 0.05859375 0.4873046875 0.076171875 0.5390625 0.0810546875 0.5810546875 0.05859375 0.595703125 0.0458984375 0.609375 0.0166015625 0.6064453125 0 0.43359375 0.0009765625 0.43359375 0.0263671875 0.4375 0.0380859375 0.4580078125 0.05859375
0 0.8251953125 0 0.822265625 0.0029296875 0.822265625 0.0087890625 0.8466796875 0.046875 0.8525390625 0.048828125 0.8720703125 0.0703125 0.8837890625 0.078125 0.9013671875 0.083984375 0.908203125 0.0830078125 0.9365234375 0.078125 0.962890625 0.0556640625 0.966796875 0.0478515625 0.966796875 0.0205078125 0.9619140625 0 0.8251953125 0