0 0.087890625 0 0.086328125 0.030859375 0.08828125 0.05546875 0.095703125 0.086328125 0.116015625 0.09296875 0.135546875 0.094140625 0.15546875 0.09296875 0.18359375 0.091796875 0.206640625 0.08671875 0.227734375 0.075390625 0.249609375 0.058984375 0.2609375 0.047265625 0.269921875 0.026171875 0.266015625 0 0.087890625 0
0 0.23828125 0.256640625 0.215625 0.234375 0.18046875 0.20703125 0.15390625 0.1953125 0.116015625 0.188671875 0.090625 0.1921875 0.08671875 0.2625 0.091796875 0.316796875 0.102734375 0.36875 0.1171875 0.37578125 0.140625 0.38125 0.16171875 0.380859375 0.183984375 0.37734375 0.205859375 0.370703125 0.227734375 0.36015625 0.24453125 0.34375 0.253125 0.319140625 0.2515625 0.2828125 0.23828125 0.256640625
0 0.39140625 0.236328125 0.366015625 0.2375 0.330859375 0.246484375 0.307421875 0.262109375 0.28125 0.30078125 0.26328125 0.340625 0.251953125 0.37109375 0.24765625 0.405859375 0.251953125 0.43828125 0.267578125 0.461328125 0.288671875 0.4734375 0.31015625 0.474609375 0.340234375 0.47265625 0.36015625 0.462890625 0.383203125 0.449609375 0.408203125 0.4203125 0.433203125 0.358984375 0.441796875 0.3140625 0.43515625 0.26640625 0.415625 0.246484375 0.39140625 0.236328125
0 0.615234375 0.3125 0.58984375 0.30859375 0.54375 0.305859375 0.498828125 0.314453125 0.46484375 0.33046875 0.437109375 0.36171875 0.419921875 0.397265625 0.411328125 0.4296875 0.40859375 0.466796875 0.4171875 0.490625 0.4296875 0.496875 0.45546875 0.501171875 0.490234375 0.495703125 0.533203125 0.483984375 0.572265625 0.465234375 0.6046875 0.444921875 0.62890625 0.423046875 0.646875 0.396875 0.6515625 0.364453125 0.639453125 0.33125 0.615234375 0.3125
0 0.841015625 0.3765625 0.82734375 0.356640625 0.80625 0.336328125 0.7703125 0.321484375 0.73671875 0.316015625 0.707421875 0.32109375 0.686328125 0.33203125 0.66953125 0.366015625 0.676953125 0.406640625 0.6875 0.44921875 0.70546875 0.48203125 0.72578125 0.50078125 0.7515625 0.5171875 0.77578125 0.51875 0.80625 0.516015625 0.83671875 0.50703125 0.855859375 0.485546875 0.862109375 0.457421875 0.859765625 0.428125 0.8515625 0.403515625 0.841015625 0.3765625
0 1 0.279296875 0.990234375 0.28828125 0.974609375 0.294921875 0.963671875 0.303515625 0.94765625 0.315625 0.931640625 0.33046875 0.912109375 0.349609375 0.901171875 0.362109375 0.893359375 0.38125 0.8921875 0.4125 0.8953125 0.43125 0.905078125 0.4484375 0.91484375 0.4640625 0.93046875 0.471484375 0.961328125 0.476953125 0.9828125 0.471875 1 0.4671875 1 0.279296875
0 0.878515625 0.555859375 0.878515625 0.58125 0.881640625 0.59609375 0.89140625 0.6171875 0.9 0.630859375 0.9109375 0.653125 0.92421875 0.66796875 0.941015625 0.6796875 0.95859375 0.687109375 0.975 0.6890625 0.9890625 0.6875 0.99921875 0.684765625 1 0.52734375 0.990625 0.515625 0.973828125 0.506640625 0.95546875 0.501171875 0.928125 0.501171875 0.91328125 0.5046875 0.8984375 0.516796875 0.88203125 0.539453125 0.878515625 0.555859375
0 0.9265625 0.125390625 0.8984375 0.1203125 0.868359375 0.128515625 0.83828125 0.15625 0.82265625 0.1796875 0.81015625 0.20859375 0.803515625 0.244140625 0.80078125 0.277734375 0.8109375 0.3109375 0.826171875 0.326953125 0.84375 0.336328125 0.860546875 0.343359375 0.882421875 0.344921875 0.90234375 0.341796875 0.923046875 0.327734375 0.94296875 0.310546875 0.958984375 0.286328125 0.97109375 0.2546875 0.974609375 0.228515625 0.9734375 0.191015625 0.966015625 0.158203125 0.95078125 0.137890625 0.9265625 0.125390625
0 0.81328125 0.013671875 0.776953125 0.014453125 0.743359375 0.0234375 0.71640625 0.042578125 0.70234375 0.065625 0.688671875 0.09453125 0.68671875 0.131640625 0.691796875 0.162890625 0.70390625 0.187109375 0.71875 0.19921875 0.731640625 0.20390625 0.746875 0.208984375 0.77421875 0.20625 0.7921875 0.2 0.811328125 0.187890625 0.82265625 0.1765625 0.837890625 0.156640625 0.856640625 0.121875 0.857421875 0.0859375 0.85234375 0.046875 0.83828125 0.025390625 0.81328125 0.013671875
0 0.675390625 0.775 0.632421875 0.804296875 0.608984375 0.8296875 0.599609375 0.851953125 0.60703125 0.88828125 0.637890625 0.91953125 0.677734375 0.936328125 0.704296875 0.9359375 0.739453125 0.93359375 0.766796875 0.92578125 0.798046875 0.910546875 0.8171875 0.8921875 0.826953125 0.861328125 0.823046875 0.833984375 0.80546875 0.800390625 0.776171875 0.7796875 0.7265625 0.77109375 0.675390625 0.775
0 0.55 0.630859375 0.49765625 0.633203125 0.465234375 0.651953125 0.447265625 0.681640625 0.444140625 0.725 0.458984375 0.76953125 0.47578125 0.787109375 0.496484375 0.7984375 0.51953125 0.8078125 0.536328125 0.81328125 0.566015625 0.8125 0.601171875 0.809375 0.626953125 0.798828125 0.6546875 0.781640625 0.66484375 0.753515625 0.6671875 0.735546875 0.659765625 0.69921875 0.64765625 0.679296875 0.6015625 0.641796875 0.55 0.630859375
0 0.5421875 1 0.550390625 0.98046875 0.551171875 0.939453125 0.544921875 0.908203125 0.526953125 0.8703125 0.512109375 0.847265625 0.490234375 0.830078125 0.471484375 0.82421875 0.4484375 0.825390625 0.420703125 0.829296875 0.39765625 0.83984375 0.38125 0.846875 0.361328125 0.866015625 0.3484375 0.888671875 0.344921875 0.9125 0.346484375 0.9453125 0.353515625 0.971484375 0.36015625 0.985546875 0.3703125 1 0.5421875 1
0 0.334375 0.65078125 0.306640625 0.628125 0.278125 0.62421875 0.257421875 0.6265625 0.234765625 0.63515625 0.214453125 0.6484375 0.194921875 0.676953125 0.1875 0.711328125 0.18828125 0.744921875 0.198828125 0.785546875 0.213671875 0.8171875 0.2328125 0.834765625 0.2515625 0.852734375 0.27109375 0.86484375 0.2859375 0.870703125 0.309765625 0.871484375 0.3296875 0.866015625 0.348046875 0.85390625 0.36171875 0.84296875 0.37421875 0.819921875 0.3796875 0.783984375 0.376171875 0.74296875 0.36796875 0.709765625 0.35390625 0.673046875 0.334375 0.65078125
0 0.187109375 0.4203125 0.14140625 0.408984375 0.111328125 0.40859375 0.09140625 0.408203125 0.09921875 0.490625 0.1125 0.543359375 0.127734375 0.59453125 0.150390625 0.601953125 0.177734375 0.5953125 0.203125 0.590625 0.2234375 0.587109375 0.2390625 0.57890625 0.246484375 0.55703125 0.250390625 0.516015625 0.24140625 0.479296875 0.219921875 0.446484375 0.187109375 0.4203125
1 0.483203125 0.499609375 0.46328125 0.5078125 0.444140625 0.5203125 0.432421875 0.544921875 0.426171875 0.569921875 0.42734375 0.594921875 0.438671875 0.617578125 0.455859375 0.626953125 0.47265625 0.6265625 0.494921875 0.6203125 0.512890625 0.612890625 0.531640625 0.600390625 0.548828125 0.576171875 0.557421875 0.545703125 0.551953125 0.51484375 0.54296875 0.504296875 0.52421875 0.497265625 0.50234375 0.4953125 0.483203125 0.499609375