1 0.0794808625 0.2646128828125 0.0620863078125 0.259321953125 0.043813109375 0.2646128828125 0.036953921875000004 0.2892952234375 0.054787746875 0.3235762265625 0.08359641875 0.3605997234375 0.11514861406250002 0.374312125 0.1357261765625 0.3605997234375 0.141213546875 0.3359174109375 0.12337961718749998 0.2988939140625 0.1055457921875 0.27969653125 0.0794808625 0.2646128828125
1 0.795580059375 0.85746171875 0.7722588671875 0.849234296875 0.7544249375 0.843749315625 0.72925720625 0.8475986093750001 0.7146415265625 0.869802903125 0.706410628125 0.8999701953124999 0.7160134484375 0.9356224734374999 0.732475453125 0.95070609375 0.7681433125 0.9548197500000001 0.7983236921875 0.9438498937500001 0.8257604421875 0.916425034375 0.8257604421875 0.8931139968749999 0.81067014375 0.8794015937499999 0.795580059375 0.85746171875
0 0.8518252703125 0.7134814953124999 0.8312477078124999 0.680571765625 0.805182878125 0.657260671875 0.7750025 0.64766198125 0.7365910078125 0.64766198125 0.7091542609375 0.6600031609375 0.6880949921874999 0.6795195656249999 0.6817175109375 0.7107390078125 0.6968078078125 0.753247484375 0.7256162703125 0.78615721875 0.7626558359375 0.8026121093749999 0.787348953125 0.8163245124999999 0.8147856984375 0.8190671093749999 0.8353632624999999 0.8190671093749999 0.8628000124999999 0.7834147765624999 0.8641719296874999 0.7491337734375 0.8518252703125 0.7134814953124999
0 0.45947978593750005 0.617494684375 0.4251838515625 0.5982973515625 0.37716954375 0.591441153125 0.340129971875 0.6010397921874999 0.30720585625 0.6161234656250001 0.29623121874999997 0.64766198125 0.30309040625 0.6792004921875 0.3195524109375 0.706625296875 0.33327078593750004 0.7258226796875 0.35933571875000003 0.73953508125 0.39363165312500004 0.73953508125 0.42792759062499997 0.7326788828125 0.4526206015625 0.7189664812500001 0.46908271093750004 0.69428416875 0.47457008125 0.6462907578125 0.45947978593750005 0.617494684375
0 0.9752906375 0.6517756875 0.96843145 0.6024110625 0.942366621875 0.5722437703125001 0.913557953125 0.55441765625 0.8737747499999999 0.5475614531249999 0.8463380031250001 0.55441765625 0.82701746875 0.5731838437500001 0.8175293328125001 0.59692608125 0.816157621875 0.6312070859375 0.83399155 0.6600031609375 0.8559408234375001 0.6915416765625 0.8682874843749999 0.7079965703125 0.8806339375000001 0.72170896875 0.9176735078125 0.723080190625 0.9478538875 0.7148527687499999 0.9752906375 0.6929128953125 0.9752906375 0.6517756875
0 0.22215197656250002 0.48996935468749997 0.20431804687500002 0.4598020625 0.176881296875 0.4378622109375 0.1439571796875 0.4323772578125 0.0931992375 0.4323772578125 0.0685061203125 0.44746095781250006 0.056941031249999996 0.466848121875 0.041069371874999996 0.48311315625000006 0.041069371874999996 0.5146516671875 0.05615966875 0.5612738546875 0.0698780421875 0.5955548625 0.1041739765625 0.6229796640624999 0.134354359375 0.6229796640624999 0.19745885937500002 0.5982973515625 0.220780159375 0.5667587843749999 0.2331266125 0.5269928515625 0.22215197656250002 0.48996935468749997
0 0.7516813046874999 0.3638152453125 0.7201290046875 0.35010284375 0.6789737734375 0.3473603796875 0.644677840625 0.3446179421875 0.6158692734375 0.3597015390625 0.599407265625 0.37341393749999996 0.58568889375 0.3994675515625 0.5766139953125 0.42568590625 0.5870607109375 0.4406047578125 0.6048946359375 0.4776282 0.6227284609375 0.500939265625 0.639190575 0.5050529765625 0.6679991375000001 0.5050529765625 0.7187570812499999 0.49271182031249994 0.746193828125 0.46528701562499997 0.7722588671875 0.421407346875 0.7708869453125 0.3830126328125 0.7516813046874999 0.3638152453125
0 0.5033786484375 0.41544933281249996 0.529443578125 0.37568334375 0.54453376875 0.344144828125 0.536302765625 0.3167200265625 0.5239562078125 0.29203771562499997 0.49926309375000005 0.27695406562499997 0.4702782734375 0.25589176875 0.44301778125 0.25501421875 0.41558103125 0.26187041718750004 0.39363165312500004 0.268726621875 0.3675667234375 0.28655273124999997 0.35247653125 0.3180912453125 0.3552201640625 0.3605997234375 0.3854006484375 0.3921382375 0.41969658593750003 0.407221859375 0.451248784375 0.41544933281249996 0.5033786484375 0.41544933281249996
0 0.7750025 0.1096628046875 0.7557966484375 0.08635165624999999 0.728359903125 0.07949545625 0.6858329609375 0.0726392546875 0.6597681328125 0.0822379453125 0.644677840625 0.0904653953125 0.6186130125 0.12611764375 0.6144974578125 0.1562849140625 0.6323313875000001 0.20427832031249998 0.6583962156250001 0.2385593234375 0.6872048828125 0.246786825 0.7297318203125001 0.235816859375 0.7681433125 0.212505815625 0.7859772375 0.176853515625 0.787348953125 0.145315 0.7750025 0.1096628046875
0 1 0.1769975234375 0.9876373015625 0.183709715625 0.9574569187499999 0.1974221171875 0.934135515625 0.22210445625 0.92864825 0.2604992265625 0.927276328125 0.30163640625 0.9451102546874999 0.3400311203125 0.9739189250000001 0.34688732031249997 0.9972401203124999 0.3496298125 1 0.3496298125 1 0.1769975234375
0 0.73671875 1 0.719921875 0.969140625 0.69453125 0.95078125 0.648046875 0.94296875 0.601171875 0.94765625 0.5765625 0.96171875 0.558984375 0.98046875 0.549609375 0.9984375 0.73671875 1