0 0.849609375 0.8232421875 0.84765625 0.7919921875 0.83203125 0.7548828125 0.8173828125 0.740234375 0.7880859375 0.724609375 0.75390625 0.7197265625 0.6982421875 0.728515625 0.6669921875 0.748046875 0.642578125 0.7744140625 0.63671875 0.7978515625 0.640625 0.8271484375 0.6748046875 0.865234375 0.7373046875 0.880859375 0.7646484375 0.87890625 0.8232421875 0.85546875 0.845703125 0.8330078125 0.849609375 0.8232421875
0 0.826171875 0.6806640625 0.83203125 0.6669921875 0.830078125 0.6337890625 0.80859375 0.5908203125 0.7705078125 0.560546875 0.751953125 0.5537109375 0.7236328125 0.552734375 0.7119140625 0.556640625 0.67578125 0.5869140625 0.669921875 0.6044921875 0.671875 0.6376953125 0.6953125 0.6767578125 0.7119140625 0.69140625 0.7490234375 0.705078125 0.7958984375 0.701171875 0.826171875 0.6806640625
0 0.84375 0.4970703125 0.87109375 0.4599609375 0.87890625 0.4326171875 0.873046875 0.3427734375 0.8427734375 0.31640625 0.8203125 0.3134765625 0.7958984375 0.318359375 0.765625 0.3427734375 0.748046875 0.3759765625 0.744140625 0.3935546875 0.75 0.4501953125 0.765625 0.4912109375 0.7880859375 0.51171875 0.8056640625 0.515625 0.8232421875 0.513671875 0.84375 0.4970703125
0 1 0.304296875 0.9814453125 0.302734375 0.9541015625 0.298828125 0.9228515625 0.30078125 0.8984375 0.3193359375 0.892578125 0.3330078125 0.892578125 0.3623046875 0.90625 0.4072265625 0.9462890625 0.451171875 0.9931640625 0.4765625 1 0.4755859375 1 0.304296875
0 0.9345703125 0.15625 0.970703125 0.1220703125 0.99609375 0.0810546875 0.99609375 0.0634765625 0.990234375 0.0498046875 0.96875 0.0322265625 0.9033203125 0.037109375 0.8798828125 0.044921875 0.8505859375 0.0625 0.822265625 0.0869140625 0.818359375 0.0966796875 0.815234375 0.1203125 0.8203125 0.1455078125 0.8388671875 0.158203125 0.8818359375 0.173828125 0.9189453125 0.16796875 0.9345703125 0.15625
0 0.716796875 0.3056640625 0.72265625 0.2685546875 0.716796875 0.2373046875 0.701171875 0.2080078125 0.6611328125 0.173828125 0.634765625 0.1669921875 0.6064453125 0.16796875 0.576171875 0.1884765625 0.560546875 0.2099609375 0.5546875 0.2607421875 0.572265625 0.3232421875 0.5947265625 0.34375 0.6435546875 0.357421875 0.6826171875 0.34765625 0.701171875 0.3369140625 0.716796875 0.3056640625
0 0.552734375 0.3271484375 0.552734375 0.3056640625 0.53515625 0.2470703125 0.5166015625 0.2265625 0.4775390625 0.203125 0.443359375 0.1982421875 0.4091796875 0.203125 0.38671875 0.2197265625 0.376953125 0.2314453125 0.37109375 0.2783203125 0.3935546875 0.337890625 0.4365234375 0.3671875 0.4794921875 0.373046875 0.52265625 0.358984375 0.5478515625 0.3359375 0.552734375 0.3271484375
0 0.517578125 0.5205078125 0.533203125 0.4990234375 0.541015625 0.4697265625 0.53515625 0.4208984375 0.51953125 0.3916015625 0.5078125 0.3818359375 0.4951171875 0.380859375 0.4462890625 0.400390625 0.421875 0.4208984375 0.400390625 0.4560546875 0.390625 0.4814453125 0.392578125 0.5107421875 0.40625 0.5361328125 0.4228515625 0.552734375 0.4482421875 0.560546875 0.4775390625 0.5546875 0.517578125 0.5205078125
0 0.64453125 0.6044921875 0.65234375 0.5908203125 0.654296875 0.5615234375 0.650390625 0.5419921875 0.6259765625 0.51953125 0.591796875 0.5146484375 0.5634765625 0.513671875 0.5380859375 0.51953125 0.5205078125 0.53125 0.498046875 0.5556640625 0.486328125 0.5966796875 0.4921875 0.6162109375 0.5107421875 0.640625 0.5498046875 0.654296875 0.5986328125 0.6484375 0.625390625 0.6265625 0.64453125 0.6044921875
0 0.572265625 0.8076171875 0.56640625 0.7958984375 0.564453125 0.7724609375 0.55859375 0.7626953125 0.5517578125 0.755859375 0.533203125 0.7490234375 0.4970703125 0.748046875 0.4640625 0.75859375 0.4326171875 0.775390625 0.4140625 0.7939453125 0.40625 0.8115234375 0.404296875 0.8427734375 0.408203125 0.8505859375 0.4345703125 0.875 0.4638671875 0.8828125 0.5068359375 0.884765625 0.5380859375 0.873046875 0.564453125 0.8349609375 0.572265625 0.8076171875
0 0.443359375 0.7119140625 0.443359375 0.6943359375 0.435546875 0.6845703125 0.435546875 0.6728515625 0.42578125 0.6513671875 0.396484375 0.6357421875 0.366796875 0.633203125 0.3369140625 0.640625 0.30625 0.65234375 0.2802734375 0.671875 0.26953125 0.6826171875 0.248046875 0.7197265625 0.24609375 0.7626953125 0.2548828125 0.783203125 0.2796875 0.794921875 0.3056640625 0.802734375 0.3349609375 0.80078125 0.3701171875 0.796875 0.3916015625 0.7890625 0.40234375 0.7822265625 0.41796875 0.7666015625 0.43359375 0.7353515625 0.443359375 0.7119140625
0 0.1708984375 0.865234375 0.2041015625 0.83984375 0.22890625 0.81875 0.234375 0.778515625 0.2001953125 0.748046875 0.162109375 0.7373046875 0.1240234375 0.736328125 0.0732421875 0.75 0.021484375 0.8056640625 0.01953125 0.8212890625 0.025390625 0.8330078125 0.0517578125 0.861328125 0.0654296875 0.869140625 0.1279296875 0.875 0.1708984375 0.865234375
0 0.24609375 0.6630859375 0.24609375 0.6201171875 0.23828125 0.5908203125 0.228515625 0.5771484375 0.2041015625 0.552734375 0.185546875 0.5419921875 0.1474609375 0.54296875 0.130859375 0.5537109375 0.11328125 0.5830078125 0.111328125 0.6259765625 0.12109375 0.6552734375 0.1494140625 0.69140625 0.1708984375 0.70703125 0.2021484375 0.71484375 0.2158203125 0.7109375 0.23828125 0.6845703125 0.24609375 0.6630859375
0 0.302734375 0.4638671875 0.322265625 0.4462890625 0.328125 0.4150390625 0.3125 0.3662109375 0.2880859375 0.34375 0.2578125 0.3330078125 0.2216796875 0.33203125 0.1923828125 0.337890625 0.1591796875 0.353515625 0.134765625 0.3798828125 0.126953125 0.3994140625 0.12890625 0.4208984375 0.138671875 0.4384765625 0.1748046875 0.470703125 0.2177734375 0.486328125 0.2451171875 0.486328125 0.2822265625 0.478515625 0.302734375 0.4638671875
0 0.2607421875 0.26953125 0.322265625 0.2158203125 0.33984375 0.1884765625 0.349609375 0.1494140625 0.3271484375 0.1171875 0.287109375 0.1083984375 0.2275390625 0.111328125 0.1640625 0.1552734375 0.1484375 0.1806640625 0.14453125 0.1982421875 0.146484375 0.2197265625 0.1630859375 0.244140625 0.2080078125 0.2734375 0.2373046875 0.27734375 0.2607421875 0.26953125
0 0 0.1806640625 0.0048828125 0.1875 0.0341796875 0.205078125 0.0458984375 0.205078125 0.0869140625 0.201171875 0.1005859375 0.1953125 0.11328125 0.1826171875 0.126953125 0.1435546875 0.14453125 0.1220703125 0.146484375 0.0908203125 0.1318359375 0.0703125 0.10546875 0.0634765625 0.0498046875 0.06640625 0.0166015625 0.078125 0 0.0888671875 0 0.1806640625
0 0.083984375 0.5166015625 0.08984375 0.5126953125 0.095703125 0.4892578125 0.09375 0.4697265625 0.0673828125 0.44140625 0.033203125 0.4384765625 0 0.4404296875 0.0009765625 0.568359375 0.0302734375 0.56640625 0.0400390625 0.5625 0.05859375 0.5458984375 0.0595703125 0.541015625 0.080078125 0.5283203125 0.083984375 0.5166015625