0 0.9150390625 0.6171875 0.8798828125 0.623046875 0.8525390625 0.63671875 0.8359375 0.6533203125 0.81640625 0.6806640625 0.8076171875 0.708984375 0.806640625 0.7412109375 0.8125 0.7607421875 0.8408203125 0.79296875 0.8779296875 0.80078125 0.9072265625 0.798828125 0.9501953125 0.779296875 0.9765625 0.7470703125 0.994140625 0.7119140625 0.9921875 0.6572265625 0.978515625 0.6337890625 0.9619140625 0.623046875 0.9150390625 0.6171875
0 0.9404296875 0.40234375 0.8974609375 0.39453125 0.8759765625 0.3984375 0.8515625 0.4208984375 0.830078125 0.4638671875 0.8232421875 0.51171875 0.82421875 0.5556640625 0.837890625 0.5869140625 0.8662109375 0.603515625 0.8779296875 0.603515625 0.8994140625 0.59375 0.93359375 0.5673828125 0.96875 0.5048828125 0.974609375 0.4560546875 0.96875 0.4248046875 0.9599609375 0.412109375 0.9404296875 0.40234375
0 0.7568359375 0.521484375 0.7392578125 0.52734375 0.6806640625 0.56640625 0.6640625 0.5830078125 0.650390625 0.6181640625 0.6474609375 0.64453125 0.650390625 0.6767578125 0.666015625 0.7021484375 0.6806640625 0.712890625 0.7099609375 0.71875 0.7314453125 0.71484375 0.7529296875 0.703125 0.78515625 0.6748046875 0.81640625 0.6201171875 0.818359375 0.5908203125 0.80859375 0.5537109375 0.802734375 0.5380859375 0.7880859375 0.525390625 0.7568359375 0.521484375
0 0.7314453125 0.3359375 0.6904296875 0.3359375 0.6826171875 0.33984375 0.654296875 0.3798828125 0.64453125 0.4052734375 0.6396484375 0.435546875 0.638671875 0.4599609375 0.646484375 0.4892578125 0.6689453125 0.517578125 0.6982421875 0.521484375 0.7353515625 0.5078125 0.76171875 0.4814453125 0.78125 0.4326171875 0.78125 0.3955078125 0.767578125 0.3603515625 0.7490234375 0.34375 0.7314453125 0.3359375
0 0.7666015625 1 0.787109375 0.9755859375 0.791015625 0.9482421875 0.78515625 0.9228515625 0.7548828125 0.890625 0.7275390625 0.875 0.7001953125 0.873046875 0.6845703125 0.8671875 0.6552734375 0.869140625 0.634765625 0.8896484375 0.6298828125 0.908203125 0.6328125 0.9423828125 0.638671875 0.9560546875 0.6533203125 0.97265625 0.6884765625 1 0.7666015625 1
0 0.5986328125 0.91796875 0.5771484375 0.912109375 0.5537109375 0.916015625 0.537109375 0.9326171875 0.52734375 0.9560546875 0.5205078125 0.9921875 0.5205078125 1 0.66015625 0.9990234375 0.65625 0.9892578125 0.638671875 0.9736328125 0.625 0.9541015625 0.615234375 0.9306640625 0.5986328125 0.91796875
0 0.052734375 0.9052734375 0.0625 0.8720703125 0.0625 0.8466796875 0.0458984375 0.814453125 0.0224609375 0.798828125 0.0009765625 0.79296875 0 0.9462890625 0.0048828125 0.947265625 0.0224609375 0.935546875 0.052734375 0.9052734375
0 0.140625 0.5341796875 0.1484375 0.5068359375 0.142578125 0.4697265625 0.1083984375 0.43359375 0.0791015625 0.419921875 0.0009765625 0.4140625 0.001953125 0.5693359375 0.0166015625 0.583984375 0.0341796875 0.58984375 0.0595703125 0.58984375 0.1005859375 0.580078125 0.125 0.5595703125 0.140625 0.5341796875
0 0.203125 0.1298828125 0.173828125 0.0888671875 0.1396484375 0.064453125 0.0927734375 0.064453125 0.064453125 0.0830078125 0.0517578125 0.12890625 0.0546875 0.1923828125 0.0625 0.2197265625 0.0859375 0.2607421875 0.1083984375 0.28125 0.1494140625 0.298828125 0.1708984375 0.29296875 0.1904296875 0.279296875 0.201171875 0.2685546875 0.212890625 0.2412109375 0.21875 0.1748046875 0.203125 0.1298828125
0 0.373046875 0.3017578125 0.3623046875 0.294921875 0.2958984375 0.29296875 0.2822265625 0.30078125 0.26171875 0.3212890625 0.2490234375 0.34375 0.248046875 0.3603515625 0.26171875 0.3974609375 0.2802734375 0.4140625 0.3154296875 0.4296875 0.3681640625 0.4296875 0.3818359375 0.42578125 0.40625 0.4052734375 0.419921875 0.3759765625 0.41796875 0.3564453125 0.404296875 0.3271484375 0.3818359375 0.30859375 0.373046875 0.3017578125
0 0.8076171875 0.150390625 0.7861328125 0.15234375 0.7548828125 0.173828125 0.736328125 0.1982421875 0.720703125 0.2353515625 0.7158203125 0.26171875 0.71875 0.2998046875 0.7412109375 0.322265625 0.7724609375 0.33203125 0.7998046875 0.328125 0.828125 0.3037109375 0.861328125 0.2275390625 0.86328125 0.2021484375 0.85546875 0.1806640625 0.8232421875 0.154296875 0.8076171875 0.150390625
0 1 0.1884765625 0.99609375 0.1787109375 0.9794921875 0.162109375 0.9521484375 0.146484375 0.9287109375 0.14453125 0.9169921875 0.1484375 0.896484375 0.1669921875 0.88671875 0.1845703125 0.875 0.2216796875 0.8740234375 0.240234375 0.876953125 0.2861328125 0.8828125 0.3017578125 0.8974609375 0.3203125 0.9150390625 0.328125 0.9384765625 0.328125 0.9658203125 0.318359375 0.9765625 0.3076171875 1 0.2646484375 1 0.1884765625
0 0.6005859375 0 0.5986328125 0.00390625 0.599609375 0.0322265625 0.61328125 0.0517578125 0.6474609375 0.08203125 0.6845703125 0.095703125 0.7099609375 0.09765625 0.7490234375 0.091796875 0.763671875 0.0810546875 0.775390625 0.0537109375 0.779296875 0.0166015625 0.7705078125 0 0.6005859375 0