0 0.984375 0.384765625 0.96875 0.361328125 0.947265625 0.33984375 0.904296875 0.328125 0.861328125 0.33984375 0.830078125 0.3671875 0.8234375 0.4046875 0.828125 0.439453125 0.842578125 0.46875 0.8671875 0.494140625 0.896484375 0.5234375 0.908203125 0.52734375 0.923828125 0.52734375 0.951171875 0.51171875 0.98046875 0.474609375 0.98828125 0.427734375 0.984375 0.384765625
0 0.828125 0.494140625 0.810546875 0.4765625 0.767578125 0.45703125 0.748046875 0.4609375 0.73046875 0.482421875 0.72109375 0.49765625 0.72265625 0.537109375 0.73046875 0.580078125 0.74609375 0.603515625 0.762109375 0.626953125 0.787109375 0.640625 0.826171875 0.64453125 0.833984375 0.640625 0.84765625 0.619140625 0.85546875 0.595703125 0.859375 0.564453125 0.8359375 0.505859375 0.828125 0.494140625
0 0.521484375 0.40234375 0.494140625 0.40234375 0.462890625 0.41015625 0.43125 0.432421875 0.40625 0.458984375 0.400390625 0.4765625 0.40234375 0.525390625 0.4140625 0.548828125 0.435546875 0.5703125 0.470703125 0.5859375 0.501171875 0.588671875 0.533203125 0.5859375 0.552734375 0.57421875 0.5859375 0.544921875 0.597265625 0.522265625 0.6015625 0.494140625 0.6015625 0.474609375 0.58984375 0.447265625 0.560546875 0.421484375 0.521484375 0.40234375
0 0.126953125 0.39453125 0.072265625 0.390625 0.052734375 0.40234375 0.04296875 0.416015625 0.033203125 0.45078125 0.025390625 0.49609375 0.0234375 0.537109375 0.04296875 0.580078125 0.083984375 0.61328125 0.123046875 0.6171875 0.134765625 0.61328125 0.171875 0.580078125 0.19140625 0.541015625 0.19765625 0.501953125 0.1953125 0.462890625 0.1875 0.439453125 0.177734375 0.4296875 0.150390625 0.41796875 0.126953125 0.39453125
0 0.26171875 0.693359375 0.240234375 0.67578125 0.212890625 0.6640625 0.173828125 0.66796875 0.14453125 0.693359375 0.138671875 0.71484375 0.13671875 0.751953125 0.14453125 0.779296875 0.16796875 0.810546875 0.185546875 0.82421875 0.197265625 0.828125 0.244140625 0.828125 0.267578125 0.81640625 0.28125 0.802734375 0.287890625 0.7671875 0.2890625 0.732421875 0.26171875 0.693359375
0 0 0.923828125 0.028515625 0.92890625 0.060546875 0.921875 0.0859375 0.896484375 0.1015625 0.861328125 0.1015625 0.833984375 0.08984375 0.806640625 0.07421875 0.779296875 0.048828125 0.75 0.029296875 0.73828125 0 0.737890625 0 0.923828125
0 0.330078125 1 0.3359375 0.994140625 0.33984375 0.966796875 0.3359375 0.939453125 0.3135490421875 0.8956504296875 0.29719154375 0.878728878125 0.279296875 0.875 0.255859375 0.86328125 0.205078125 0.859375 0.181640625 0.8671875 0.171875 0.876953125 0.158203125 0.9140625 0.15625 0.955078125 0.16015625 0.982421875 0.166015625 1 0.330078125 1
0 0.246875 0.401953125 0.256640625 0.4296875 0.2765625 0.466796875 0.31015625 0.494140625 0.344140625 0.50234375 0.37734375 0.487890625 0.39375 0.469140625 0.409765625 0.440625 0.4140625 0.385546875 0.399609375 0.334375 0.36484375 0.3015625 0.330078125 0.290625 0.28671875 0.295703125 0.25546875 0.324609375 0.246484375 0.36015625 0.246875 0.401953125
0 0.08118495625 0 0.0663329875 0.0093335390625 0.055093659375000006 0.07797371875 0.054692253125 0.11690996093749999 0.078776528125 0.1586560359375 0.1181141765625 0.205218965625 0.1690925546875 0.2321130703125 0.2048175625 0.223683575 0.2317116671875 0.2124442453125 0.2549931328125 0.1871557625 0.26703527031249996 0.13136052812500001 0.25940858125 0.081987765625 0.2393383515625 0.040241690625 0.21445127031250003 0.000101234375 0.08118495625 0
0 0.28951392187499997 0.10005096875 0.2690422890625 0.1514307546875 0.276267575 0.2088316046875 0.3015560625 0.24776784843750002 0.3360768515625 0.275063359375 0.3770201171875 0.277873190625 0.390667875 0.278274596875 0.43000551875 0.260211390625 0.464124909375 0.20441615624999998 0.46251928906249995 0.14019142499999998 0.438435015625 0.106473440625 0.379428546875 0.0719526515625 0.322830503125 0.0771709109375 0.28951392187499997 0.10005096875
0 0.4640625 0.26640625 0.473046875 0.3046875 0.48984375 0.3265625 0.5203125 0.35546875 0.54140625 0.365625 0.555078125 0.371875 0.57890625 0.378515625 0.6015625 0.376171875 0.61875 0.3734375 0.6359375 0.352734375 0.64140625 0.315625 0.635546875 0.269140625 0.606640625 0.230859375 0.583203125 0.207421875 0.553125 0.184375 0.523046875 0.181640625 0.48828125 0.187890625 0.467578125 0.2171875 0.4640625 0.26640625
0 0.6359375 0 0.636328125 0.0265625 0.647265625 0.05703125 0.663671875 0.08203125 0.68359375 0.09296875 0.712890625 0.0953125 0.7328125 0.080859375 0.746875 0.06328125 0.75625 0.037109375 0.75703125 0 0.6359375 0