0 0.1494140625 0.0859375 0.1572265625 0.08984375 0.1787109375 0.09765625 0.2158203125 0.103515625 0.240234375 0.0849609375 0.2509765625 0.0625 0.251953125 0.0224609375 0.2412109375 0 0.095703125 0.0009765625 0.099609375 0.0205078125 0.1171875 0.0419921875 0.12109375 0.0556640625 0.1494140625 0.0859375
0 0.5908203125 0 0.587890625 0.0048828125 0.58984375 0.0185546875 0.609375 0.0517578125 0.6416015625 0.0859375 0.6572265625 0.091796875 0.6923828125 0.095703125 0.7041015625 0.08984375 0.720703125 0.0732421875 0.7265625 0.0615234375 0.7314453125 0.033203125 0.7314453125 0 0.5908203125 0
0 0.7705078125 0 0.76953125 0.0107421875 0.7734375 0.0244140625 0.7890625 0.0419921875 0.791015625 0.0556640625 0.796875 0.0673828125 0.8173828125 0.083984375 0.8330078125 0.083984375 0.8681640625 0.068359375 0.876953125 0.0595703125 0.8935546875 0.00390625 0.8935546875 0 0.7705078125 0
0 0.900390625 0.0908203125 0.9248046875 0.11328125 0.939453125 0.1181640625 0.9501953125 0.126953125 0.9892578125 0.1484375 0.9990234375 0.15625 1 0.0009765625 0.9208984375 0 0.908203125 0.0087890625 0.890625 0.0478515625 0.892578125 0.0732421875 0.900390625 0.0908203125
0 0.8515625 0.2275390625 0.8642578125 0.240234375 0.9228515625 0.275390625 0.9462890625 0.28125 0.9658203125 0.28125 0.9990234375 0.25390625 1 0.1611328125 0.9912109375 0.15234375 0.9619140625 0.13671875 0.9384765625 0.125 0.8935546875 0.103515625 0.8603515625 0.107421875 0.837890625 0.1259765625 0.830078125 0.1494140625 0.83203125 0.1787109375 0.8515625 0.2275390625
0 0.55078125 0.2041015625 0.5673828125 0.2265625 0.5966796875 0.25 0.6474609375 0.267578125 0.6884765625 0.2578125 0.701171875 0.2431640625 0.704296875 0.21015625 0.69921875 0.1826171875 0.6689453125 0.146484375 0.6552734375 0.138671875 0.6240234375 0.12890625 0.5791015625 0.12890625 0.5615234375 0.13671875 0.541015625 0.1630859375 0.54296875 0.1865234375 0.55078125 0.2041015625
0 0.5244140625 0.443359375 0.5380859375 0.44921875 0.5849609375 0.453125 0.6005859375 0.447265625 0.62109375 0.4248046875 0.6298828125 0.38671875 0.626953125 0.3388671875 0.61328125 0.3076171875 0.5849609375 0.2734375 0.5693359375 0.267578125 0.5244140625 0.267578125 0.498046875 0.2880859375 0.486328125 0.3251953125 0.486328125 0.3623046875 0.49609375 0.3994140625 0.5244140625 0.443359375
0 0.5927734375 0.76953125 0.6298828125 0.7734375 0.6474609375 0.765625 0.66796875 0.7431640625 0.6796875 0.7138671875 0.6826171875 0.68359375 0.681640625 0.6552734375 0.66015625 0.6064453125 0.6318359375 0.587890625 0.6025390625 0.5859375 0.5927734375 0.58984375 0.564453125 0.6201171875 0.548828125 0.6533203125 0.544921875 0.6923828125 0.552734375 0.7275390625 0.5615234375 0.74609375 0.5927734375 0.76953125
0 0.294921875 0.8486328125 0.3505859375 0.890625 0.3720703125 0.89453125 0.3818359375 0.890625 0.3984375 0.8701171875 0.4052734375 0.841796875 0.404296875 0.7939453125 0.388671875 0.7451171875 0.376953125 0.7275390625 0.3623046875 0.71484375 0.3408203125 0.70703125 0.3193359375 0.70703125 0.3017578125 0.71484375 0.28125 0.7431640625 0.275390625 0.7744140625 0.275390625 0.8037109375 0.294921875 0.8486328125
0 0.1533203125 0.92578125 0.1806640625 0.94140625 0.2314453125 0.935546875 0.2509765625 0.92578125 0.26953125 0.9072265625 0.2861328125 0.87890625 0.28515625 0.8486328125 0.267578125 0.8095703125 0.2548828125 0.796875 0.2275390625 0.794921875 0.1826171875 0.8203125 0.171875 0.8310546875 0.1484375 0.8701171875 0.142578125 0.9091796875 0.1533203125 0.92578125
0 0.111328125 0.7919921875 0.1259765625 0.80859375 0.1708984375 0.814453125 0.240234375 0.7763671875 0.26171875 0.7412109375 0.2666015625 0.71875 0.265625 0.6748046875 0.2490234375 0.650390625 0.2158203125 0.6328125 0.1923828125 0.630859375 0.1728515625 0.63671875 0.1611328125 0.642578125 0.1328125 0.6748046875 0.126953125 0.7353515625 0.111328125 0.7705078125 0.111328125 0.7919921875
0 0 0.7919921875 0.0107421875 0.806640625 0.0341796875 0.81640625 0.0673828125 0.81640625 0.08203125 0.8037109375 0.09375 0.7314453125 0.1123046875 0.677734375 0.11328125 0.6572265625 0.0927734375 0.642578125 0.0791015625 0.638671875 0.0244140625 0.650390625 0 0.6728515625 0 0.7919921875
0 0.0009765625 0.626953125 0.0380859375 0.6328125 0.0771484375 0.626953125 0.0927734375 0.62109375 0.115234375 0.5966796875 0.1220703125 0.57421875 0.12109375 0.5419921875 0.11328125 0.5283203125 0.0947265625 0.513671875 0.0732421875 0.5078125 0.0361328125 0.50390625 0.0126953125 0.51171875 0 0.5205078125 0.0009765625 0.626953125
0 0.0439453125 0.490234375 0.0966796875 0.505859375 0.1240234375 0.5078125 0.1591796875 0.50390625 0.185546875 0.4775390625 0.1904296875 0.44921875 0.1875 0.4287109375 0.1669921875 0.400390625 0.1435546875 0.3828125 0.1123046875 0.375 0.0673828125 0.375 0.0439453125 0.380859375 0.01953125 0.4072265625 0.013671875 0.4248046875 0.013671875 0.4482421875 0.025390625 0.4697265625 0.0439453125 0.490234375
1 0.1787109375 1 0.1796875 0.9541015625 0.1708984375 0.947265625 0.1513671875 0.943359375 0.1455078125 0.943359375 0.1298828125 0.951171875 0.1123046875 0.97265625 0.08203125 0.9970703125 0.0830078125 1 0.1787109375 1
0 0.9033203125 0.564453125 0.9462890625 0.5390625 0.9609375 0.5185546875 0.96875 0.4814453125 0.982421875 0.4697265625 0.9951171875 0.435546875 0.994140625 0.4033203125 0.986328125 0.3876953125 0.9658203125 0.373046875 0.9345703125 0.373046875 0.8994140625 0.396484375 0.8740234375 0.400390625 0.84375 0.4228515625 0.826171875 0.4560546875 0.82421875 0.4951171875 0.837890625 0.5341796875 0.8896484375 0.564453125 0.9033203125 0.564453125
0 0.908203125 0.6103515625 0.908203125 0.6455078125 0.923828125 0.6845703125 0.9541015625 0.71875 0.9814453125 0.732421875 0.9990234375 0.734375 1 0.5634765625 0.9794921875 0.5546875 0.9501953125 0.552734375 0.9287109375 0.56640625 0.9140625 0.5869140625 0.908203125 0.6103515625