0 0.154296875 0.91015625 0.185546875 0.8984375 0.2109375 0.876953125 0.21875 0.853515625 0.216796875 0.83203125 0.1875 0.791015625 0.162109375 0.77734375 0.076171875 0.78125 0.048828125 0.78515625 0.033203125 0.79296875 0.0078125 0.822265625 0.0078125 0.849609375 0.037109375 0.8828125 0.072265625 0.90625 0.154296875 0.91015625
0 0 0.669921875 0.013671875 0.6796875 0.044921875 0.69140625 0.072265625 0.69140625 0.09609375 0.68046875 0.10546875 0.658203125 0.109375 0.642578125 0.107421875 0.6015625 0.09375 0.544921875 0.0625 0.501953125 0.033203125 0.48828125 0.009765625 0.48828125 0 0.498046875 0 0.669921875
0 0.181640625 0.55859375 0.2171875 0.544140625 0.232421875 0.52734375 0.24609375 0.513671875 0.25390625 0.494140625 0.25 0.470703125 0.251953125 0.39453125 0.22578125 0.3703125 0.181640625 0.37109375 0.150390625 0.37109375 0.095703125 0.4140625 0.0859375 0.431640625 0.08203125 0.498046875 0.09765625 0.525390625 0.119140625 0.546875 0.154296875 0.5625 0.181640625 0.55859375
0 0.447265625 1 0.453125 0.982421875 0.4609375 0.943359375 0.458984375 0.92578125 0.44921875 0.896484375 0.419921875 0.8671875 0.396484375 0.86328125 0.322265625 0.86328125 0.30078125 0.880859375 0.28828125 0.91328125 0.28515625 0.943359375 0.2890625 0.966796875 0.314453125 1 0.447265625 1
0 0.31953125 0.737109375 0.3203125 0.77890625 0.340625 0.832421875 0.3671875 0.853125 0.40703125 0.86484375 0.44296875 0.873046875 0.46640625 0.869140625 0.4890625 0.853515625 0.500390625 0.819921875 0.494921875 0.7796875 0.484765625 0.74765625 0.462109375 0.714453125 0.4375 0.698046875 0.39375 0.6859375 0.35546875 0.690625 0.332421875 0.71015625 0.31953125 0.737109375
0 0.58515625 0.546484375 0.550390625 0.5625 0.534765625 0.5875 0.534765625 0.6171875 0.555078125 0.6515625 0.583203125 0.68359375 0.616796875 0.70390625 0.648046875 0.7140625 0.6671875 0.720703125 0.692578125 0.712109375 0.72890625 0.690625 0.738671875 0.65390625 0.727734375 0.60546875 0.70859375 0.57734375 0.670703125 0.555859375 0.6265625 0.541015625 0.58515625 0.546484375
0 0.744140625 0.567578125 0.737890625 0.60234375 0.753515625 0.640625 0.791015625 0.671484375 0.821484375 0.682421875 0.853125 0.68828125 0.88046875 0.67734375 0.91953125 0.653125 0.933984375 0.63125 0.9453125 0.5984375 0.93984375 0.555859375 0.90546875 0.526171875 0.853515625 0.5125 0.8125 0.51328125 0.776171875 0.530078125 0.744140625 0.567578125
0 0.984375 0.8296875 0.999609375 0.830078125 1 0.616796875 0.96796875 0.624609375 0.9375 0.639453125 0.913671875 0.66640625 0.901171875 0.703515625 0.90390625 0.75234375 0.912109375 0.785546875 0.94296875 0.815234375 0.984375 0.8296875
0 1 0.3265625 0.960546875 0.288671875 0.917578125 0.269140625 0.88828125 0.268359375 0.86015625 0.27890625 0.8390625 0.31171875 0.83515625 0.355859375 0.841796875 0.39140625 0.857421875 0.419921875 0.881640625 0.447265625 0.91484375 0.46875 0.956640625 0.484375 0.989453125 0.491015625 1 0.484375 1 0.37109375 1 0.3265625
0 0.75546875 0.087109375 0.744140625 0.12109375 0.756640625 0.169140625 0.7828125 0.2 0.8125 0.212890625 0.841796875 0.224609375 0.870703125 0.22734375 0.88671875 0.225390625 0.930859375 0.203515625 0.956640625 0.168359375 0.97265625 0.129296875 0.963671875 0.075390625 0.9328125 0.044140625 0.89375 0.03203125 0.8421875 0.037890625 0.808203125 0.050390625 0.7796875 0.066015625 0.75546875 0.087109375
0 0.4578125 0.087890625 0.43125 0.102734375 0.414453125 0.129296875 0.42109375 0.17890625 0.44375 0.21484375 0.48046875 0.238671875 0.512890625 0.258984375 0.5453125 0.263671875 0.574609375 0.2609375 0.60234375 0.246484375 0.619140625 0.22265625 0.609765625 0.180859375 0.565234375 0.130859375 0.49609375 0.090234375 0.4578125 0.087890625
0 0.51484375 0.5203125 0.564453125 0.5375 0.60078125 0.541015625 0.63515625 0.540234375 0.659375 0.54140625 0.683203125 0.52578125 0.69921875 0.491796875 0.696875 0.4671875 0.6828125 0.421875 0.65 0.36796875 0.61796875 0.340234375 0.573046875 0.32578125 0.539453125 0.337109375 0.507421875 0.35703125 0.4921875 0.386328125 0.48203125 0.407421875 0.4859375 0.470703125 0.51484375 0.5203125
0 0.315234375 0.0046875 0.27265625 0 0.232421875 0.001953125 0.20703125 0.03125 0.196875 0.052734375 0.19609375 0.081640625 0.2171875 0.121484375 0.265625 0.15390625 0.315625 0.155078125 0.344921875 0.140234375 0.356640625 0.119140625 0.35703125 0.07265625 0.3421875 0.026953125 0.315234375 0.0046875
0 0.44140625 0 0.44609375 0.022265625 0.459765625 0.050390625 0.473046875 0.06796875 0.513671875 0.092578125 0.551953125 0.105078125 0.593359375 0.112109375 0.6265625 0.10234375 0.649609375 0.080859375 0.653125 0.03984375 0.63671875 0.00078125 0.621875 0 0.44140625 0
1 0.272265625 0.45234375 0.2859375 0.4671875 0.29921875 0.473046875 0.325 0.474609375 0.363671875 0.466015625 0.397265625 0.444140625 0.39765625 0.40546875 0.376953125 0.382421875 0.345703125 0.379296875 0.312890625 0.389453125 0.280078125 0.405859375 0.263671875 0.424609375 0.272265625 0.45234375