0 0.7607421875 0.044921875 0.7451171875 0.037109375 0.7080078125 0.025390625 0.6591796875 0.03125 0.626953125 0.0615234375 0.609375 0.0869140625 0.60546875 0.1201171875 0.609375 0.1513671875 0.6455078125 0.1796875 0.685546875 0.1884765625 0.7080078125 0.1875 0.7314453125 0.177734375 0.75234375 0.1578125 0.765625 0.1357421875 0.773046875 0.10625 0.76953125 0.0751953125 0.767578125 0.0498046875 0.7607421875 0.044921875
0 0.8779296875 0.04296875 0.8427734375 0.041015625 0.8193359375 0.05078125 0.794921875 0.0751953125 0.787109375 0.1025390625 0.787109375 0.1494140625 0.796875 0.1826171875 0.8232421875 0.21875 0.851171875 0.223828125 0.87109375 0.2236328125 0.8935546875 0.21875 0.9111328125 0.201171875 0.943359375 0.1689453125 0.951171875 0.1513671875 0.951171875 0.1162109375 0.943359375 0.0888671875 0.9130859375 0.0546875 0.8779296875 0.04296875
0 0.9169921875 0.302734375 0.8837890625 0.28125 0.8701171875 0.28125 0.8310546875 0.29296875 0.80546875 0.31015625 0.78125 0.3388671875 0.771484375 0.3779296875 0.771484375 0.4052734375 0.783203125 0.4404296875 0.8134765625 0.470703125 0.8408203125 0.484375 0.880859375 0.4833984375 0.9189453125 0.46484375 0.92578125 0.4599609375 0.94140625 0.4482421875 0.94140625 0.4267578125 0.94921875 0.4013671875 0.94921875 0.3505859375 0.940625 0.327734375 0.9169921875 0.302734375
0 0.8994140625 0.607421875 0.87890625 0.6279296875 0.87109375 0.7060546875 0.875 0.7216796875 0.890625 0.7490234375 0.9072265625 0.765625 0.9248046875 0.7734375 0.953125 0.7744140625 0.9697265625 0.767578125 0.98828125 0.7470703125 0.998046875 0.7177734375 0.99609375 0.6669921875 0.9619140625 0.609375 0.9404296875 0.59765625 0.9208984375 0.59765625 0.8994140625 0.607421875
0 0.837890625 0.9111328125 0.823046875 0.9421875 0.814453125 0.9775390625 0.8154296875 1 1 0.9990234375 0.998046875 0.9208984375 0.98828125 0.9130859375 0.9697265625 0.8984375 0.9345703125 0.8828125 0.9208984375 0.880859375 0.8720703125 0.880859375 0.8583984375 0.888671875 0.837890625 0.9111328125
0 0.439453125 0.9501953125 0.43359375 0.9912109375 0.4345703125 1 0.66796875 0.9990234375 0.65625 0.9794921875 0.642578125 0.9462890625 0.6123046875 0.91015625 0.5927734375 0.900390625 0.5595703125 0.89453125 0.5048828125 0.900390625 0.4599609375 0.927734375 0.439453125 0.9501953125
0 0.4697265625 0.681640625 0.4423828125 0.673828125 0.3916015625 0.677734375 0.3642578125 0.693359375 0.3515625 0.7119140625 0.3515625 0.7470703125 0.3671875 0.7802734375 0.4033203125 0.81640625 0.4287109375 0.83203125 0.4658203125 0.849609375 0.5078125 0.8525390625 0.5419921875 0.84765625 0.56640625 0.8232421875 0.568359375 0.8076171875 0.564453125 0.7724609375 0.53515625 0.7333984375 0.519921875 0.7171875 0.4970703125 0.697265625 0.4697265625 0.681640625
0 0.18125 1 0.212890625 0.9658203125 0.220703125 0.9443359375 0.21875 0.9208984375 0.1689453125 0.87890625 0.1279296875 0.861328125 0.0849609375 0.857421875 0.0205078125 0.8671875 0 0.8896484375 0 0.9697265625 0.0322265625 1 0.18125 1
0 0.1767578125 0.54296875 0.1552734375 0.5546875 0.134765625 0.5751953125 0.12109375 0.5986328125 0.12109375 0.6240234375 0.134765625 0.6552734375 0.1572265625 0.681640625 0.1962890625 0.705078125 0.2333984375 0.71484375 0.28125 0.7138671875 0.3056640625 0.70703125 0.32421875 0.6787109375 0.31640625 0.6318359375 0.302734375 0.6064453125 0.28125 0.56875 0.2373046875 0.541015625 0.2041015625 0.537109375 0.1767578125 0.54296875
0 0.056640625 0.6806640625 0.0810546875 0.669921875 0.095703125 0.6494140625 0.099609375 0.6279296875 0.087890625 0.5849609375 0.0732421875 0.564453125 0.0009765625 0.53515625 0 0.6767578125 0.056640625 0.6806640625
0 0 0.5009765625 0.0263671875 0.521484375 0.06640625 0.5244140625 0.1123046875 0.50390625 0.154296875 0.4599609375 0.16015625 0.4365234375 0.16015625 0.3916015625 0.15234375 0.3701171875 0.1220703125 0.328125 0.1005859375 0.314453125 0.0869140625 0.3125 0.0712890625 0.3125 0.0458984375 0.322265625 0 0.3583984375 0 0.5009765625
0 0.01171875 0.1572265625 0 0.2021484375 0.00390625 0.2431640625 0.0361328125 0.2734375 0.0810546875 0.28125 0.119140625 0.2802734375 0.1494140625 0.263671875 0.173828125 0.2431640625 0.181640625 0.2177734375 0.17578125 0.1806640625 0.1142578125 0.119140625 0.0556640625 0.119140625 0.0302734375 0.134765625 0.01171875 0.1572265625
0 0.3427734375 0.271484375 0.3017578125 0.2734375 0.2685546875 0.291015625 0.25390625 0.3154296875 0.248046875 0.3486328125 0.25390625 0.4111328125 0.265625 0.4345703125 0.3017578125 0.470703125 0.3388671875 0.482421875 0.3671875 0.4814453125 0.4033203125 0.46484375 0.41796875 0.4326171875 0.419921875 0.3974609375 0.41015625 0.3818359375 0.40625 0.3232421875 0.396484375 0.3037109375 0.3759765625 0.283203125 0.3427734375 0.271484375
0 0.4208984375 0 0.3779296875 0.02734375 0.36328125 0.0478515625 0.357421875 0.0654296875 0.36328125 0.1083984375 0.3720703125 0.125 0.3994140625 0.140625 0.4609375 0.1494140625 0.4912109375 0.138671875 0.54296875 0.0947265625 0.55078125 0.0712890625 0.55078125 0.0537109375 0.544921875 0.0400390625 0.5146484375 0.017578125 0.4912109375 0.01171875 0.4697265625 0 0.4208984375 0
0 0.619140625 0.2646484375 0.5810546875 0.236328125 0.5673828125 0.232421875 0.5048828125 0.236328125 0.4521484375 0.265625 0.431640625 0.2841796875 0.41796875 0.3212890625 0.416015625 0.3466796875 0.421875 0.3837890625 0.4580078125 0.419921875 0.486328125 0.4248046875 0.5322265625 0.419921875 0.5751953125 0.388671875 0.6005859375 0.376953125 0.6103515625 0.365234375 0.619140625 0.3544921875 0.619140625 0.3486328125 0.62109375 0.3154296875 0.619140625 0.2646484375
0 0.5498046875 0.44140625 0.525390625 0.4248046875 0.46875 0.4248046875 0.458984375 0.4306640625 0.439453125 0.4560546875 0.439453125 0.5185546875 0.46484375 0.5615234375 0.4912109375 0.583984375 0.5166015625 0.595703125 0.54296875 0.5947265625 0.5537109375 0.59375 0.564453125 0.5849609375 0.5796875 0.556640625 0.591796875 0.5283203125 0.5869140625 0.509765625 0.580078125 0.4716796875 0.569140625 0.4578125 0.5498046875 0.44140625
0 0.743359375 0.60234375 0.767578125 0.592578125 0.78359375 0.572265625 0.78359375 0.551953125 0.771484375 0.5265625 0.753515625 0.51171875 0.728515625 0.50078125 0.691015625 0.496484375 0.64296875 0.5046875 0.60859375 0.523046875 0.592578125 0.541015625 0.57265625 0.573046875 0.56171875 0.609765625 0.566015625 0.63671875 0.578125 0.6546875 0.600390625 0.67265625 0.63203125 0.67890625 0.663671875 0.67734375 0.683203125 0.664453125 0.700390625 0.641796875 0.72109375 0.6171875 0.743359375 0.60234375
0 0.880078125 0.6015625 0.840234375 0.591015625 0.811328125 0.587890625 0.780859375 0.58984375 0.74765625 0.603515625 0.718359375 0.62421875 0.696484375 0.64921875 0.680859375 0.676171875 0.68203125 0.6984375 0.687890625 0.716015625 0.71015625 0.730078125 0.738671875 0.733203125 0.758984375 0.728515625 0.790234375 0.715234375 0.824609375 0.7078125 0.8625 0.7 0.87109375 0.692578125 0.873828125 0.656640625 0.874609375 0.637890625 0.88671875 0.611328125 0.880078125 0.6015625
1 0.828125 0.716796875 0.797265625 0.723828125 0.775 0.734765625 0.76171875 0.758203125 0.761328125 0.78125 0.762890625 0.782421875 0.784375 0.79296875 0.807421875 0.79375 0.82890625 0.79140625 0.851953125 0.78046875 0.864453125 0.7625 0.864453125 0.7390625 0.85390625 0.72265625 0.828125 0.716796875