0 0.111328125 0.0859375 0.1015625 0.099609375 0.10546875 0.154296875 0.125 0.197265625 0.13671875 0.212890625 0.173828125 0.23046875 0.22265625 0.228515625 0.234375 0.205078125 0.234375 0.154296875 0.21875 0.119140625 0.203125 0.095703125 0.185546875 0.078125 0.154296875 0.0703125 0.134765625 0.07421875 0.111328125 0.0859375
0 0.337890625 0.1015625 0.302734375 0.1015625 0.279296875 0.1171875 0.2734375 0.126953125 0.2734375 0.150390625 0.28515625 0.169921875 0.28515625 0.197265625 0.2734375 0.212890625 0.2734375 0.228515625 0.29453125 0.26171875 0.318359375 0.28125 0.345703125 0.29296875 0.39453125 0.294921875 0.408203125 0.2890625 0.421875 0.271484375 0.426953125 0.24453125 0.42578125 0.212890625 0.421875 0.189453125 0.40625 0.158203125 0.361328125 0.109375 0.337890625 0.1015625
0 0.208984375 0.4921875 0.169921875 0.4921875 0.15625 0.501953125 0.140625 0.548828125 0.14453125 0.580078125 0.15625 0.607421875 0.189453125 0.640625 0.208984375 0.65234375 0.2421875 0.658203125 0.287109375 0.65234375 0.3125 0.626953125 0.316015625 0.60078125 0.30859375 0.564453125 0.30078125 0.548828125 0.275390625 0.5234375 0.251953125 0.5078125 0.208984375 0.4921875
0 0.03515625 0.603515625 0.0234375 0.630859375 0.02734375 0.697265625 0.04296875 0.728515625 0.072265625 0.765625 0.080078125 0.76953125 0.1109375 0.777734375 0.140625 0.767578125 0.15625 0.755859375 0.171875 0.720703125 0.16796875 0.673828125 0.15625 0.638671875 0.119140625 0.58984375 0.099609375 0.58203125 0.064453125 0.58203125 0.03515625 0.603515625
0 0.0625 0.912109375 0.05078125 0.943359375 0.05078125 0.986328125 0.056640625 1 0.20703125 0.998046875 0.2109375 0.986328125 0.2109375 0.939453125 0.20703125 0.919921875 0.173828125 0.87890625 0.138671875 0.875 0.119140625 0.875 0.099609375 0.87890625 0.0625 0.912109375
0 0.26953125 0.904296875 0.25390625 0.943359375 0.2578125 0.974609375 0.265625 0.998046875 0.38671875 0.998046875 0.390625 0.982421875 0.39453125 0.951171875 0.390625 0.919921875 0.36328125 0.880859375 0.333984375 0.875 0.312109375 0.873046875 0.291015625 0.87890625 0.26953125 0.904296875
0 0.945703125 1 0.94140625 0.943359375 0.916015625 0.91796875 0.900390625 0.91015625 0.86328125 0.90625 0.822265625 0.91015625 0.810546875 0.9140625 0.791015625 0.92578125 0.7734375 0.943359375 0.7578125 0.978515625 0.7578125 0.994140625 0.763671875 1 0.945703125 1
0 0.556640625 0.7421875 0.501953125 0.7578125 0.48828125 0.775390625 0.48046875 0.794921875 0.484375 0.837890625 0.4921875 0.857421875 0.513671875 0.8828125 0.541015625 0.8984375 0.564453125 0.90625 0.59375 0.904296875 0.619140625 0.89453125 0.6328125 0.873046875 0.65625 0.853515625 0.65625 0.818359375 0.64453125 0.783203125 0.623046875 0.7578125 0.599609375 0.74609375 0.556640625 0.7421875
0 0.638671875 0.5 0.607421875 0.5 0.580078125 0.51171875 0.56640625 0.529296875 0.56640625 0.583984375 0.578125 0.603515625 0.634765625 0.65625 0.646484375 0.66015625 0.69140625 0.658203125 0.71875 0.634765625 0.71875 0.607421875 0.71484375 0.603515625 0.71875 0.576171875 0.70703125 0.541015625 0.669921875 0.51953125 0.662109375 0.5078125 0.638671875 0.5
0 0.857421875 0.51171875 0.841796875 0.50390625 0.833984375 0.50390625 0.814453125 0.4921875 0.783203125 0.4921875 0.775390625 0.49609375 0.76171875 0.513671875 0.76171875 0.525390625 0.75390625 0.541015625 0.7578125 0.572265625 0.765625 0.591796875 0.791015625 0.6171875 0.810546875 0.62890625 0.8671875 0.626953125 0.8828125 0.615234375 0.8828125 0.607421875 0.890625 0.591796875 0.890625 0.576171875 0.88671875 0.572265625 0.8828125 0.544921875 0.87109375 0.525390625 0.857421875 0.51171875
0 0.654296875 0.2734375 0.630859375 0.265625 0.611328125 0.26953125 0.587890625 0.28515625 0.56640625 0.314453125 0.5546875 0.353515625 0.5546875 0.396484375 0.578125 0.435546875 0.611328125 0.45703125 0.65234375 0.455078125 0.662109375 0.453125 0.681640625 0.4375 0.69921875 0.416015625 0.70703125 0.396484375 0.70703125 0.365234375 0.703125 0.345703125 0.6796875 0.294921875 0.654296875 0.2734375
0 1 0.177734375 0.9921875 0.154296875 0.974609375 0.13671875 0.962890625 0.1328125 0.944921875 0.131640625 0.916015625 0.1328125 0.884765625 0.1484375 0.84765625 0.173828125 0.83984375 0.197265625 0.83984375 0.228515625 0.84765625 0.251953125 0.857421875 0.265625 0.884765625 0.28125 0.904296875 0.28515625 0.93359375 0.283203125 0.974609375 0.27734375 0.9921875 0.259765625 1 0.240234375 1 0.177734375
0 1 0.544921875 0.9828125 0.536328125 0.962890625 0.54296875 0.9453125 0.556640625 0.9359375 0.5796875 0.9296875 0.607421875 0.92578125 0.626953125 0.9296875 0.677734375 0.94921875 0.720703125 0.982421875 0.75390625 1 0.763671875 1 0.544921875
0 0.11328125 0.197265625 0.09375 0.162109375 0.076171875 0.14453125 0.052734375 0.125 0.033203125 0.1171875 0.021484375 0.10546875 0.001953125 0.1015625 0 0.283203125 0.0078125 0.283203125 0.033203125 0.27734375 0.044921875 0.265625 0.052734375 0.265625 0.064453125 0.25390625 0.080078125 0.24609375 0.10546875 0.220703125 0.11328125 0.208984375 0.11328125 0.197265625