0 0.062890625 0.645703125 0.0421875 0.615625 0.01796875 0.596484375 0.000390625 0.584375 0 0.793359375 0.011328125 0.79453125 0.02890625 0.792578125 0.046875 0.787890625 0.0671875 0.765625 0.07734375 0.741015625 0.084765625 0.708203125 0.080078125 0.676171875 0.062890625 0.645703125
0 0.073828125 0.659765625 0.09453125 0.678515625 0.131640625 0.705859375 0.1734375 0.7171875 0.20234375 0.7109375 0.21640625 0.69921875 0.23203125 0.676171875 0.2296875 0.648828125 0.21171875 0.6109375 0.19140625 0.5796875 0.16328125 0.557421875 0.14140625 0.5453125 0.1140625 0.537890625 0.091015625 0.53515625 0.062109375 0.53828125 0.0484375 0.55078125 0.04140625 0.57265625 0.041796875 0.59765625 0.047265625 0.61796875 0.05703125 0.63203125 0.073828125 0.659765625
0 0.341015625 0.5765625 0.365234375 0.5546875 0.384765625 0.521875 0.388671875 0.49375 0.37734375 0.46484375 0.35078125 0.436328125 0.328125 0.416796875 0.30234375 0.411328125 0.275 0.407421875 0.246875 0.432421875 0.243359375 0.4703125 0.21484375 0.50078125 0.19375 0.53359375 0.19453125 0.56015625 0.206640625 0.5796875 0.230078125 0.5953125 0.263671875 0.605078125 0.307421875 0.598046875 0.341015625 0.5765625
0 0.096875 0.537890625 0.121875 0.534765625 0.15078125 0.528515625 0.178515625 0.516796875 0.208203125 0.4984375 0.227734375 0.469921875 0.240234375 0.441796875 0.24296875 0.400390625 0.23046875 0.377734375 0.2171875 0.35859375 0.198046875 0.342578125 0.16484375 0.334765625 0.12109375 0.3375 0.09375 0.35234375 0.076953125 0.362890625 0.078515625 0.381640625 0.090234375 0.407421875 0.09375 0.4453125 0.087109375 0.46796875 0.073046875 0.493359375 0.060546875 0.50703125 0.0640625 0.519921875 0.077734375 0.53515625 0.096875 0.537890625
0 0 0.528125 0.019921875 0.523046875 0.043359375 0.516796875 0.0609375 0.50390625 0.074609375 0.486328125 0.0890625 0.459375 0.090625 0.435546875 0.0859375 0.407421875 0.078125 0.389453125 0.066796875 0.361328125 0.048828125 0.341015625 0.028515625 0.321484375 0.003125 0.316796875 0 0.31484375 0 0.528125
0 0.29609375 0.4078125 0.3375 0.412109375 0.367578125 0.401953125 0.388671875 0.376171875 0.39765625 0.33515625 0.398046875 0.294140625 0.386328125 0.256640625 0.376953125 0.237109375 0.341796875 0.205859375 0.314453125 0.1921875 0.289453125 0.189453125 0.263671875 0.1921875 0.2421875 0.203125 0.228125 0.221484375 0.219921875 0.255859375 0.217578125 0.305859375 0.2375 0.352734375 0.2625 0.390625 0.29609375 0.4078125
0 0.3953125 0.394921875 0.415625 0.41796875 0.436328125 0.44375 0.459765625 0.45546875 0.476171875 0.4609375 0.53515625 0.404296875 0.542578125 0.38125 0.53359375 0.34609375 0.52578125 0.312890625 0.49453125 0.271484375 0.469140625 0.252734375 0.4375 0.245703125 0.41171875 0.246875 0.39140625 0.254296875 0.39609375 0.28125 0.401953125 0.303515625 0.400390625 0.327734375 0.394140625 0.365625 0.38828125 0.383203125 0.3953125 0.394921875
0 0.370703125 0.15078125 0.383984375 0.143359375 0.39765625 0.1296875 0.3953125 0.098046875 0.38359375 0.060546875 0.36171875 0.03203125 0.343359375 0.0125 0.32109375 0.0015625 0.206640625 0 0.208203125 0.00546875 0.216015625 0.05390625 0.237109375 0.0890625 0.264453125 0.125 0.294921875 0.1484375 0.32734375 0.162890625 0.354296875 0.160546875 0.370703125 0.15078125
0 0.36484375 0.00078125 0.37109375 0.0328125 0.38828125 0.06796875 0.415234375 0.100390625 0.4484375 0.113671875 0.477734375 0.116796875 0.49453125 0.09296875 0.50390625 0.06484375 0.498046875 0.024609375 0.48125 0 0.36484375 0.00078125
0 0.595703125 0.195703125 0.629296875 0.2015625 0.65859375 0.192578125 0.677734375 0.164453125 0.689453125 0.12421875 0.687890625 0.090234375 0.675 0.0515625 0.651171875 0.02578125 0.6265625 0.005859375 0.60390625 0.00078125 0.56875 0.004296875 0.541796875 0.014453125 0.52265625 0.05234375 0.51953125 0.0875 0.5265625 0.11015625 0.539453125 0.13515625 0.57578125 0.178515625 0.595703125 0.195703125
1 0.59140625 0.217578125 0.578125 0.18984375 0.560546875 0.162890625 0.530078125 0.1421875 0.51171875 0.144140625 0.49765625 0.160546875 0.490625 0.19296875 0.495703125 0.220703125 0.503125 0.24921875 0.53046875 0.28125 0.553515625 0.2859375 0.5734375 0.27890625 0.58671875 0.26875 0.59453125 0.2515625 0.59140625 0.217578125
0 0.5375 0.30859375 0.545703125 0.330859375 0.5734375 0.3625 0.66953125 0.260546875 0.65234375 0.235546875 0.62890625 0.21875 0.603515625 0.219140625 0.59453125 0.223046875 0.597265625 0.252734375 0.588671875 0.2703125 0.575390625 0.28125 0.554296875 0.288671875 0.5390625 0.28515625 0.5375 0.30859375
0 0.67421875 0.253125 0.784375 0.13203125 0.781640625 0.132421875 0.76640625 0.11328125 0.744140625 0.105078125 0.721484375 0.1078125 0.69453125 0.119921875 0.6828125 0.146484375 0.675390625 0.173828125 0.662109375 0.1859375 0.65703125 0.207421875 0.663671875 0.2390625 0.67421875 0.253125