0 0.328125 0.0166015625 0.328125 0.0517578125 0.341796875 0.0791015625 0.3603515625 0.09375 0.3759765625 0.099609375 0.40234375 0.0986328125 0.4287109375 0.09375 0.45703125 0.0693359375 0.466796875 0.0556640625 0.47265625 0.0322265625 0.482421875 0.0146484375 0.4833984375 0 0.33203125 0.0009765625 0.328125 0.0166015625
0 0.5146484375 0 0.5009765625 0.0078125 0.482421875 0.0263671875 0.4765625 0.0380859375 0.474609375 0.0654296875 0.484375 0.0947265625 0.5126953125 0.12109375 0.5546875 0.1240234375 0.5673828125 0.123046875 0.5849609375 0.115234375 0.607421875 0.0966796875 0.62109375 0.0771484375 0.6328125 0.0263671875 0.6201171875 0.00390625 0.6123046875 0 0.5146484375 0
0 0.4482421875 0.4609375 0.427734375 0.4736328125 0.412109375 0.4990234375 0.41015625 0.5302734375 0.419921875 0.5654296875 0.4375 0.5986328125 0.4677734375 0.625 0.4931640625 0.634765625 0.517578125 0.6337890625 0.54296875 0.6123046875 0.548828125 0.5966796875 0.548828125 0.5615234375 0.537109375 0.5263671875 0.517578125 0.4931640625 0.4951171875 0.466796875 0.4736328125 0.45703125 0.4482421875 0.4609375
0 0.0771484375 0.609375 0.0400390625 0.59765625 0.0009765625 0.6015625 0 0.7119140625 0.0400390625 0.728515625 0.0654296875 0.732421875 0.095703125 0.7314453125 0.1123046875 0.728515625 0.1318359375 0.71875 0.146484375 0.7060546875 0.154296875 0.6943359375 0.154296875 0.6708984375 0.150390625 0.6630859375 0.1064453125 0.626953125 0.0771484375 0.609375
0 0.1083984375 0.52734375 0.091796875 0.5439453125 0.087890625 0.5537109375 0.087890625 0.5712890625 0.095703125 0.5986328125 0.1298828125 0.62109375 0.1669921875 0.662109375 0.1943359375 0.669921875 0.2265625 0.6689453125 0.248046875 0.6552734375 0.25390625 0.6376953125 0.248046875 0.5908203125 0.236328125 0.5654296875 0.1962890625 0.53125 0.1630859375 0.515625 0.1396484375 0.515625 0.1083984375 0.52734375
0 0.6533203125 0.595703125 0.626953125 0.6103515625 0.6171875 0.6533203125 0.6044921875 0.66015625 0.595703125 0.6728515625 0.59765625 0.7021484375 0.611328125 0.7412109375 0.6259765625 0.7578125 0.6611328125 0.77734375 0.68359375 0.7763671875 0.7099609375 0.767578125 0.73046875 0.7470703125 0.73828125 0.7255859375 0.73828125 0.6767578125 0.720703125 0.6298828125 0.6943359375 0.6015625 0.6826171875 0.595703125 0.6533203125 0.595703125
0 1 0.8544921875 0.9677734375 0.841796875 0.9306640625 0.841796875 0.9013671875 0.8515625 0.8837890625 0.86328125 0.8671875 0.8857421875 0.8671875 0.9189453125 0.8828125 0.9443359375 0.9091796875 0.970703125 0.9462890625 0.990234375 0.9677734375 1 1 0.9990234375 1 0.8544921875
0 0.7177734375 0.416015625 0.6787109375 0.419921875 0.6455078125 0.43359375 0.619140625 0.4619140625 0.61328125 0.4794921875 0.6171875 0.5068359375 0.6357421875 0.525390625 0.6611328125 0.5390625 0.6884765625 0.544921875 0.70703125 0.5439453125 0.7333984375 0.537109375 0.7607421875 0.5234375 0.771484375 0.5126953125 0.779296875 0.4951171875 0.779296875 0.4697265625 0.771484375 0.4443359375 0.7529296875 0.427734375 0.7177734375 0.416015625
0 0.7470703125 0.30078125 0.7197265625 0.310546875 0.703125 0.3271484375 0.697265625 0.3486328125 0.69921875 0.3701171875 0.712890625 0.3916015625 0.7275390625 0.404296875 0.7841796875 0.435546875 0.822265625 0.4345703125 0.8330078125 0.431640625 0.845703125 0.4208984375 0.85546875 0.3935546875 0.853515625 0.3759765625 0.837890625 0.3525390625 0.8056640625 0.3203125 0.7783203125 0.302734375 0.7470703125 0.30078125
0 0.9638671875 0.029296875 0.9228515625 0.029296875 0.8974609375 0.0390625 0.8671875 0.0654296875 0.841796875 0.1103515625 0.841796875 0.1513671875 0.85546875 0.1767578125 0.8798828125 0.193359375 0.91015625 0.1982421875 0.9267578125 0.197265625 0.9677734375 0.1796875 0.98828125 0.1611328125 0.99609375 0.1455078125 1 0.1240234375 0.99609375 0.0751953125 0.98828125 0.0556640625 0.9638671875 0.029296875
0 0 0.2919921875 0.005859375 0.2919921875 0.0283203125 0.275390625 0.05078125 0.2529296875 0.05859375 0.2353515625 0.05859375 0.2041015625 0.052734375 0.1884765625 0.0302734375 0.162109375 0.0107421875 0.150390625 0 0.1513671875 0 0.2919921875