0 0.20703125 0.966796875 0.21484375 0.951171875 0.21875 0.923828125 0.22265625 0.837890625 0.208984375 0.8125 0.16796875 0.783203125 0.146484375 0.78125 0.123046875 0.7890625 0.1015625 0.814453125 0.08984375 0.845703125 0.09375 0.927734375 0.1171875 0.962890625 0.150390625 0.9921875 0.177734375 0.9921875 0.20703125 0.966796875
0 0.501953125 1 0.51171875 0.990234375 0.51171875 0.966796875 0.498046875 0.9375 0.455078125 0.90625 0.3984375 0.892578125 0.357421875 0.890625 0.341796875 0.89453125 0.31953125 0.90390625 0.30859375 0.927734375 0.30859375 0.955078125 0.3203125 0.986328125 0.330078125 1 0.501953125 1
0 0.568359375 0.9140625 0.5859375 0.904296875 0.62890625 0.849609375 0.62890625 0.818359375 0.6296875 0.77421875 0.60546875 0.748046875 0.529296875 0.75 0.505859375 0.74609375 0.486328125 0.75390625 0.47265625 0.767578125 0.455859375 0.7828125 0.44140625 0.818359375 0.4375 0.845703125 0.453125 0.880859375 0.474609375 0.90234375 0.501953125 0.91796875 0.568359375 0.9140625
0 0 0.685546875 0.033203125 0.7109375 0.056640625 0.71484375 0.08671875 0.71171875 0.119140625 0.69921875 0.13671875 0.677734375 0.13671875 0.603515625 0.1328125 0.580078125 0.103515625 0.55078125 0.07421875 0.541015625 0.056640625 0.5390625 0.017578125 0.546875 0 0.552734375 0 0.685546875
0 0.285546875 0.537890625 0.25234375 0.515234375 0.2203125 0.505078125 0.180078125 0.499609375 0.146484375 0.5109375 0.130859375 0.53359375 0.126953125 0.55703125 0.13515625 0.59296875 0.146875 0.6328125 0.167578125 0.659375 0.22109375 0.6796875 0.262890625 0.68046875 0.28984375 0.667578125 0.309375 0.64453125 0.3140625 0.60625 0.301953125 0.5625 0.285546875 0.537890625
0 0.34609375 0.261328125 0.309375 0.27109375 0.287890625 0.307421875 0.279296875 0.3328125 0.2859375 0.351953125 0.29609375 0.383203125 0.31640625 0.416796875 0.3484375 0.444921875 0.3828125 0.465234375 0.4125 0.465234375 0.4375 0.449609375 0.453515625 0.41484375 0.458984375 0.3734375 0.444140625 0.329296875 0.42265625 0.29140625 0.39453125 0.272265625 0.34609375 0.261328125
0 0.444140625 0.06015625 0.4015625 0.0546875 0.36875 0.066015625 0.346875 0.08046875 0.32265625 0.11953125 0.31171875 0.146875 0.317578125 0.178515625 0.328515625 0.208984375 0.359375 0.246484375 0.39765625 0.262109375 0.432421875 0.255859375 0.469921875 0.223828125 0.48671875 0.1875 0.4875 0.146484375 0.473828125 0.09453125 0.444140625 0.06015625
0 0.33359375 0.086328125 0.360546875 0.0625 0.375390625 0.03203125 0.383203125 0 0.169921875 0.000390625 0.1703125 0.015625 0.184765625 0.05703125 0.214453125 0.087890625 0.24765625 0.09609375 0.296484375 0.098828125 0.33359375 0.086328125
0 0.515625 0 0.508984375 0.010546875 0.515625 0.043359375 0.53125 0.08515625 0.552734375 0.118359375 0.580078125 0.142578125 0.60859375 0.158203125 0.644140625 0.16484375 0.68828125 0.1609375 0.72109375 0.13984375 0.731640625 0.11171875 0.730859375 0.082421875 0.711328125 0.039453125 0.6734375 0 0.62890625 0 0.515625 0
0 0.955859375 0.0671875 0.924609375 0.036328125 0.870703125 0.02734375 0.831640625 0.043359375 0.796484375 0.069140625 0.774609375 0.11328125 0.77265625 0.129296875 0.775390625 0.158203125 0.787109375 0.1875 0.8 0.2171875 0.830859375 0.243359375 0.87890625 0.255859375 0.912890625 0.24453125 0.933984375 0.2203125 0.949609375 0.191796875 0.962109375 0.1578125 0.96796875 0.10625 0.955859375 0.0671875
0 0.753515625 0.39765625 0.7390625 0.425390625 0.736328125 0.4546875 0.741015625 0.487109375 0.761328125 0.51953125 0.78515625 0.55625 0.82109375 0.57890625 0.870703125 0.585546875 0.897265625 0.56875 0.912109375 0.5421875 0.909765625 0.50390625 0.869140625 0.434765625 0.819140625 0.390234375 0.77734375 0.380859375 0.753515625 0.39765625
0 0.662890625 0.460546875 0.67421875 0.426953125 0.659765625 0.38203125 0.63203125 0.35 0.578125 0.3171875 0.5328125 0.303125 0.508203125 0.30078125 0.47421875 0.316796875 0.45859375 0.340625 0.459765625 0.36484375 0.458984375 0.39921875 0.4625 0.435546875 0.4796875 0.48515625 0.529296875 0.5140625 0.592578125 0.51796875 0.613671875 0.5078125 0.64296875 0.492578125 0.662890625 0.460546875
0 0.844921875 0.684375 0.84609375 0.734375 0.878515625 0.7828125 0.918359375 0.80390625 0.947265625 0.803125 0.96875 0.79296875 0.998046875 0.767578125 1 0.72734375 0.9953125 0.684765625 0.973046875 0.6578125 0.92734375 0.64296875 0.880859375 0.643359375 0.859765625 0.655078125 0.844921875 0.684375
0 1 0.378125 0.99921875 0.36328125 0.96015625 0.346875 0.919140625 0.350390625 0.89765625 0.3734375 0.887890625 0.406640625 0.894921875 0.448046875 0.907421875 0.486328125 0.93203125 0.526953125 0.949609375 0.540234375 0.977734375 0.55390625 1 0.55859375 1 0.378125
1 0.617578125 0.623046875 0.59453125 0.60234375 0.555859375 0.602734375 0.533984375 0.636328125 0.525390625 0.675 0.526953125 0.70078125 0.5328125 0.7140625 0.54765625 0.727734375 0.575390625 0.736328125 0.594140625 0.719921875 0.610546875 0.687109375 0.620703125 0.654296875 0.617578125 0.623046875