0 0.953125 0.787890625 0.97109375 0.792578125 0.988671875 0.79453125 1 0.793359375 0.999609375 0.584375 0.98203125 0.596484375 0.9578125 0.615625 0.937109375 0.645703125 0.919921875 0.676171875 0.915234375 0.708203125 0.92265625 0.741015625 0.9328125 0.765625 0.953125 0.787890625
0 0.9515625 0.55078125 0.937890625 0.53828125 0.908984375 0.53515625 0.8859375 0.537890625 0.85859375 0.5453125 0.83671875 0.557421875 0.80859375 0.5796875 0.78828125 0.6109375 0.7703125 0.648828125 0.76796875 0.676171875 0.78359375 0.69921875 0.79765625 0.7109375 0.8265625 0.7171875 0.868359375 0.705859375 0.90546875 0.678515625 0.926171875 0.659765625 0.94296875 0.63203125 0.952734375 0.61796875 0.958203125 0.59765625 0.95859375 0.57265625 0.9515625 0.55078125
0 0.80546875 0.56015625 0.80625 0.53359375 0.78515625 0.50078125 0.756640625 0.4703125 0.753125 0.432421875 0.725 0.407421875 0.69765625 0.411328125 0.671875 0.416796875 0.64921875 0.436328125 0.62265625 0.46484375 0.611328125 0.49375 0.615234375 0.521875 0.634765625 0.5546875 0.658984375 0.5765625 0.692578125 0.598046875 0.736328125 0.605078125 0.769921875 0.5953125 0.793359375 0.5796875 0.80546875 0.56015625
0 0.912890625 0.46796875 0.90625 0.4453125 0.909765625 0.407421875 0.921484375 0.381640625 0.923046875 0.362890625 0.90625 0.35234375 0.87890625 0.3375 0.83515625 0.334765625 0.801953125 0.342578125 0.7828125 0.35859375 0.76953125 0.377734375 0.75703125 0.400390625 0.759765625 0.441796875 0.772265625 0.469921875 0.791796875 0.4984375 0.821484375 0.516796875 0.84921875 0.528515625 0.878125 0.534765625 0.903125 0.537890625 0.922265625 0.53515625 0.9359375 0.519921875 0.939453125 0.50703125 0.926953125 0.493359375 0.912890625 0.46796875
0 1 0.31484375 0.996875 0.316796875 0.971484375 0.321484375 0.951171875 0.341015625 0.933203125 0.361328125 0.921875 0.389453125 0.9140625 0.407421875 0.909375 0.435546875 0.9109375 0.459375 0.925390625 0.486328125 0.9390625 0.50390625 0.956640625 0.516796875 0.980078125 0.523046875 1 0.528125 1 0.31484375
0 0.771875 0.221484375 0.7578125 0.203125 0.736328125 0.1921875 0.710546875 0.189453125 0.685546875 0.1921875 0.658203125 0.205859375 0.623046875 0.237109375 0.613671875 0.256640625 0.601953125 0.294140625 0.60234375 0.33515625 0.611328125 0.376171875 0.632421875 0.401953125 0.6625 0.412109375 0.70390625 0.4078125 0.7375 0.390625 0.7625 0.352734375 0.782421875 0.305859375 0.780078125 0.255859375 0.771875 0.221484375
0 0.60390625 0.28125 0.60859375 0.254296875 0.58828125 0.246875 0.5625 0.245703125 0.530859375 0.252734375 0.50546875 0.271484375 0.47421875 0.312890625 0.46640625 0.34609375 0.457421875 0.38125 0.46484375 0.404296875 0.523828125 0.4609375 0.540234375 0.45546875 0.563671875 0.44375 0.584375 0.41796875 0.6046875 0.394921875 0.61171875 0.383203125 0.605859375 0.365625 0.599609375 0.327734375 0.598046875 0.303515625 0.60390625 0.28125
0 0.762890625 0.0890625 0.783984375 0.05390625 0.791796875 0.00546875 0.793359375 0 0.67890625 0.0015625 0.656640625 0.0125 0.63828125 0.03203125 0.61640625 0.060546875 0.6046875 0.098046875 0.60234375 0.1296875 0.616015625 0.143359375 0.629296875 0.15078125 0.645703125 0.160546875 0.67265625 0.162890625 0.705078125 0.1484375 0.735546875 0.125 0.762890625 0.0890625
0 0.522265625 0.116796875 0.5515625 0.113671875 0.584765625 0.100390625 0.61171875 0.06796875 0.62890625 0.0328125 0.63515625 0.00078125 0.51875 0 0.501953125 0.024609375 0.49609375 0.06484375 0.50546875 0.09296875 0.522265625 0.116796875
0 0.47734375 0.05234375 0.458203125 0.014453125 0.43125 0.004296875 0.39609375 0.00078125 0.3734375 0.005859375 0.348828125 0.02578125 0.325 0.0515625 0.312109375 0.090234375 0.310546875 0.12421875 0.322265625 0.164453125 0.34140625 0.192578125 0.370703125 0.2015625 0.404296875 0.195703125 0.42421875 0.178515625 0.460546875 0.13515625 0.4734375 0.11015625 0.48046875 0.0875 0.47734375 0.05234375
1 0.46953125 0.28125 0.496875 0.24921875 0.504296875 0.220703125 0.509375 0.19296875 0.50234375 0.160546875 0.48828125 0.144140625 0.469921875 0.1421875 0.439453125 0.162890625 0.421875 0.18984375 0.40859375 0.217578125 0.40546875 0.2515625 0.41328125 0.26875 0.4265625 0.27890625 0.446484375 0.2859375 0.46953125 0.28125
0 0.402734375 0.252734375 0.40546875 0.223046875 0.396484375 0.219140625 0.37109375 0.21875 0.34765625 0.235546875 0.33046875 0.260546875 0.4265625 0.3625 0.454296875 0.330859375 0.4625 0.30859375 0.4609375 0.28515625 0.445703125 0.288671875 0.424609375 0.28125 0.411328125 0.2703125 0.402734375 0.252734375
0 0.3171875 0.146484375 0.30546875 0.119921875 0.278515625 0.1078125 0.255859375 0.105078125 0.23359375 0.11328125 0.218359375 0.132421875 0.215625 0.13203125 0.32578125 0.253125 0.336328125 0.2390625 0.34296875 0.207421875 0.337890625 0.1859375 0.324609375 0.173828125 0.3171875 0.146484375