0 0.3427734375 0.0078125 0.2880859375 0.005859375 0.2529296875 0.0234375 0.220703125 0.0498046875 0.201171875 0.0927734375 0.19921875 0.1220703125 0.20703125 0.1591796875 0.2392578125 0.1875 0.2587890625 0.193359375 0.291015625 0.1923828125 0.3193359375 0.18359375 0.3466796875 0.1640625 0.36328125 0.1474609375 0.376953125 0.1201171875 0.3828125 0.0849609375 0.376953125 0.0380859375 0.3662109375 0.021484375 0.3427734375 0.0078125
0 0.5439453125 0.025390625 0.4951171875 0.03125 0.4326171875 0.06640625 0.40625 0.1005859375 0.396484375 0.1220703125 0.396484375 0.1337890625 0.4130859375 0.162109375 0.4443359375 0.17578125 0.48828125 0.1767578125 0.5361328125 0.169921875 0.5791015625 0.1484375 0.6015625 0.1240234375 0.60546875 0.1025390625 0.59765625 0.0595703125 0.587890625 0.0400390625 0.5751953125 0.03125 0.5439453125 0.025390625
0 0.4462890625 0.19140625 0.4091796875 0.181640625 0.3798828125 0.18359375 0.3251953125 0.21484375 0.296875 0.2470703125 0.28515625 0.2685546875 0.28125 0.2900390625 0.287109375 0.3193359375 0.2978515625 0.333984375 0.3232421875 0.349609375 0.35546875 0.3525390625 0.3818359375 0.349609375 0.4169921875 0.3359375 0.43359375 0.3193359375 0.47265625 0.2607421875 0.478515625 0.2431640625 0.474609375 0.2119140625 0.4619140625 0.197265625 0.4462890625 0.19140625
0 0.6044921875 0.21875 0.5673828125 0.21875 0.5185546875 0.23828125 0.4921875 0.2646484375 0.478515625 0.3017578125 0.482421875 0.3310546875 0.5107421875 0.353515625 0.5400390625 0.361328125 0.564453125 0.3603515625 0.5947265625 0.35546875 0.6201171875 0.345703125 0.66015625 0.3173828125 0.6640625 0.3095703125 0.6640625 0.2685546875 0.65625 0.2509765625 0.6396484375 0.232421875 0.6044921875 0.21875
0 0 0.3115234375 0.02734375 0.3466796875 0.0439453125 0.361328125 0.0576171875 0.3671875 0.091796875 0.3701171875 0.1103515625 0.365234375 0.130859375 0.3447265625 0.1328125 0.3154296875 0.126953125 0.2998046875 0.125 0.2724609375 0.109375 0.2451171875 0.0771484375 0.21484375 0.0517578125 0.208984375 0.0244140625 0.212890625 0 0.2333984375 0 0.3115234375
0 0.0263671875 0.361328125 0.0107421875 0.34375 0.0009765625 0.33984375 0 0.4794921875 0.0078125 0.4794921875 0.0439453125 0.47265625 0.0673828125 0.462890625 0.083984375 0.4462890625 0.087890625 0.4228515625 0.08203125 0.4013671875 0.0693359375 0.384765625 0.0458984375 0.375 0.0263671875 0.361328125
0 0.0537109375 1 0.20703125 0.9990234375 0.201171875 0.9775390625 0.185546875 0.9541015625 0.1533203125 0.9375 0.1279296875 0.9375 0.0947265625 0.947265625 0.064453125 0.9775390625 0.052734375 0.9951171875 0.0537109375 1
0 0.41015625 0.9404296875 0.41015625 0.9658203125 0.416015625 0.9833984375 0.4306640625 0.998046875 0.5859375 0.9990234375 0.580078125 0.9208984375 0.56640625 0.8916015625 0.5302734375 0.857421875 0.4931640625 0.8515625 0.4658203125 0.859375 0.4404296875 0.875 0.419921875 0.8994140625 0.41015625 0.9404296875
0 0.7314453125 0.798828125 0.720703125 0.8095703125 0.70703125 0.8291015625 0.701171875 0.8505859375 0.71875 0.8916015625 0.7392578125 0.9140625 0.7802734375 0.9375 0.8076171875 0.9453125 0.87109375 0.9482421875 0.9169921875 0.935546875 0.935546875 0.9072265625 0.935546875 0.8603515625 0.9111328125 0.826171875 0.8701171875 0.796875 0.8251953125 0.78125 0.7587890625 0.787109375 0.7314453125 0.798828125
0 0.6435546875 0.58203125 0.6240234375 0.580078125 0.5947265625 0.59375 0.57421875 0.6181640625 0.5703125 0.6318359375 0.5703125 0.6845703125 0.5859375 0.7197265625 0.6025390625 0.73828125 0.6396484375 0.751953125 0.65625 0.7509765625 0.6787109375 0.73828125 0.69921875 0.7177734375 0.70703125 0.7041015625 0.705078125 0.6376953125 0.6982421875 0.626953125 0.69140625 0.6181640625 0.6728515625 0.595703125 0.6435546875 0.58203125
0 0.7978515625 0.13671875 0.7724609375 0.138671875 0.6962890625 0.171875 0.671875 0.2001953125 0.66796875 0.2275390625 0.677734375 0.2587890625 0.7001953125 0.28125 0.73828125 0.2841796875 0.7646484375 0.279296875 0.8017578125 0.263671875 0.826171875 0.2451171875 0.84765625 0.2138671875 0.849609375 0.1923828125 0.845703125 0.1767578125 0.8193359375 0.14453125 0.7978515625 0.13671875
0 0.7353515625 0 0.6923828125 0.0234375 0.681640625 0.0341796875 0.671875 0.0615234375 0.671875 0.0849609375 0.6796875 0.1025390625 0.6982421875 0.1171875 0.7138671875 0.123046875 0.759765625 0.1259765625 0.7783203125 0.125 0.8154296875 0.11328125 0.8330078125 0.103515625 0.8515625 0.0830078125 0.85546875 0.0712890625 0.853515625 0.0478515625 0.837890625 0.0205078125 0.8212890625 0.00390625 0.8115234375 0 0.7353515625 0
0 1 0.2294921875 0.9833984375 0.220703125 0.9462890625 0.224609375 0.9189453125 0.236328125 0.908203125 0.2509765625 0.90234375 0.2900390625 0.904296875 0.3154296875 0.91796875 0.3525390625 0.9482421875 0.38671875 0.9677734375 0.400390625 0.99609375 0.4013671875 1 0.3994140625 1 0.2294921875