0 0.806640625 0.16015625 0.775390625 0.1796875 0.75390625 0.201171875 0.74609375 0.216796875 0.7421875 0.232421875 0.7421875 0.255859375 0.75 0.275390625 0.775390625 0.296875 0.791015625 0.30078125 0.83203125 0.298828125 0.853515625 0.29296875 0.865234375 0.28515625 0.88671875 0.259765625 0.890625 0.240234375 0.8828125 0.193359375 0.873046875 0.17578125 0.845703125 0.16015625 0.806640625 0.16015625
0 1 0.345703125 0.986328125 0.33984375 0.939453125 0.33984375 0.919921875 0.34375 0.896484375 0.35546875 0.8828125 0.369140625 0.875 0.388671875 0.875 0.416015625 0.88671875 0.439453125 0.908203125 0.45703125 0.935546875 0.46484375 0.98828125 0.462890625 1 0.458984375 1 0.345703125
0 0.619140625 0.4140625 0.611328125 0.41796875 0.6015625 0.427734375 0.5859375 0.458984375 0.5859375 0.474609375 0.59765625 0.501953125 0.615234375 0.5234375 0.646484375 0.546875 0.673828125 0.5546875 0.71875 0.552734375 0.741796875 0.53671875 0.75 0.521484375 0.75 0.501953125 0.734375 0.466796875 0.689453125 0.421875 0.673828125 0.4140625 0.646484375 0.410546875 0.619140625 0.4140625
0 1 0.160546875 0.986328125 0.1640625 0.970703125 0.171875 0.9453125 0.197265625 0.9375 0.212890625 0.93359375 0.224609375 0.93359375 0.240234375 0.94140625 0.255859375 0.966796875 0.28125 0.978515625 0.28515625 1 0.283203125 1 0.160546875
0 0.466796875 0 0.45703125 0.017578125 0.45703125 0.060546875 0.4609375 0.068359375 0.494140625 0.10546875 0.521484375 0.1171875 0.54296875 0.119140625 0.568359375 0.1171875 0.583984375 0.109375 0.6171875 0.076171875 0.62109375 0.068359375 0.62109375 0.048828125 0.61328125 0.037109375 0.609375 0.021484375 0.587890625 0 0.466796875 0
0 0.310546875 0.0546875 0.275390625 0.0546875 0.24609375 0.080078125 0.234375 0.099609375 0.234375 0.138671875 0.251953125 0.16015625 0.275390625 0.17578125 0.298828125 0.18359375 0.33203125 0.181640625 0.357421875 0.17578125 0.37890625 0.154296875 0.3828125 0.146484375 0.3828125 0.119140625 0.375 0.095703125 0.37109375 0.087890625 0.345703125 0.06640625 0.310546875 0.0546875
0 0.30859375 0.259765625 0.2890625 0.298828125 0.2890625 0.310546875 0.28125 0.322265625 0.27734375 0.341796875 0.28125 0.357421875 0.2890625 0.369140625 0.302734375 0.37890625 0.3515625 0.376953125 0.376953125 0.37109375 0.390625 0.357421875 0.40625 0.326171875 0.40625 0.291015625 0.38671875 0.255859375 0.369140625 0.24609375 0.337890625 0.24609375 0.30859375 0.259765625
0 0.330078125 0.39453125 0.306640625 0.40625 0.2890625 0.431640625 0.28515625 0.509765625 0.296875 0.533203125 0.310546875 0.546875 0.330078125 0.5546875 0.34375 0.552734375 0.361328125 0.546875 0.38671875 0.525390625 0.39453125 0.501953125 0.39453125 0.451171875 0.37890625 0.416015625 0.373046875 0.41015625 0.353515625 0.3984375 0.330078125 0.39453125
0 0.447265625 0.42578125 0.423828125 0.4296875 0.41015625 0.439453125 0.40625 0.490234375 0.40625 0.509765625 0.40234375 0.513671875 0.40625 0.533203125 0.423828125 0.55078125 0.447265625 0.5625 0.458984375 0.56640625 0.49609375 0.564453125 0.513671875 0.55859375 0.5234375 0.548828125 0.52734375 0.537109375 0.51953125 0.486328125 0.48828125 0.443359375 0.474609375 0.43359375 0.466796875 0.4296875 0.447265625 0.42578125
0 0.154296875 0.3828125 0.115234375 0.40625 0.09765625 0.427734375 0.08203125 0.466796875 0.0859375 0.509765625 0.115234375 0.54296875 0.126953125 0.546875 0.1640625 0.544921875 0.189453125 0.53125 0.20703125 0.513671875 0.21875 0.482421875 0.21875 0.423828125 0.21484375 0.408203125 0.193359375 0.3828125 0.173828125 0.37890625 0.154296875 0.3828125
0 0.123046875 0.671875 0.103515625 0.6796875 0.08203125 0.701171875 0.0703125 0.720703125 0.0703125 0.759765625 0.07421875 0.767578125 0.095703125 0.7890625 0.115234375 0.796875 0.130859375 0.80078125 0.17578125 0.798828125 0.205078125 0.78515625 0.22265625 0.763671875 0.22265625 0.744140625 0.22265625 0.736328125 0.21484375 0.708984375 0.205078125 0.6953125 0.173828125 0.671875 0.123046875 0.671875
0 0 0.923828125 0.005859375 0.9296875 0.021484375 0.93359375 0.0625 0.931640625 0.107421875 0.9140625 0.1328125 0.892578125 0.140625 0.873046875 0.140625 0.837890625 0.121875 0.81484375 0.099609375 0.8046875 0.073828125 0.800390625 0.041015625 0.8046875 0 0.822265625 0 0.923828125
0 0.26171875 0.728515625 0.25 0.751953125 0.25 0.779296875 0.26171875 0.798828125 0.279296875 0.81640625 0.291015625 0.82421875 0.310546875 0.83203125 0.326171875 0.8359375 0.37109375 0.833984375 0.380859375 0.83203125 0.3984375 0.818359375 0.40234375 0.794921875 0.38671875 0.767578125 0.345703125 0.72265625 0.318359375 0.7109375 0.294921875 0.7109375 0.26171875 0.728515625
0 0.904296875 0.69140625 0.876953125 0.69140625 0.833984375 0.70703125 0.81640625 0.732421875 0.8125 0.755859375 0.81640625 0.783203125 0.830078125 0.796875 0.861328125 0.81640625 0.896484375 0.8203125 0.921875 0.818359375 0.951171875 0.8125 0.97265625 0.794921875 0.98046875 0.775390625 0.98046875 0.751953125 0.97265625 0.728515625 0.951171875 0.703125 0.927734375 0.6953125 0.904296875 0.69140625
0 1 0.865234375 0.98828125 0.853515625 0.970703125 0.8359375 0.951171875 0.8359375 0.935546875 0.84375 0.919140625 0.85625 0.91015625 0.876953125 0.90703125 0.9078125 0.91015625 0.939453125 0.91796875 0.966796875 0.931640625 0.98046875 0.947265625 0.9921875 0.958984375 0.99609375 0.98046875 0.994140625 1 0.982421875 1 0.865234375
0 0.669921875 0.84765625 0.642578125 0.84765625 0.619140625 0.859375 0.60546875 0.873046875 0.59375 0.896484375 0.59375 0.931640625 0.59765625 0.947265625 0.60546875 0.966796875 0.619140625 0.984375 0.638671875 0.99609375 0.6640625 0.994140625 0.685546875 0.984375 0.70703125 0.962890625 0.71875 0.939453125 0.71875 0.927734375 0.71484375 0.904296875 0.70703125 0.892578125 0.703125 0.876953125 0.669921875 0.84765625
0 0.86953125 0.983984375 0.889453125 0.964453125 0.894921875 0.934765625 0.892578125 0.89296875 0.875390625 0.86875 0.8453125 0.8609375 0.7984375 0.87109375 0.772265625 0.8890625 0.75625 0.901953125 0.74921875 0.91875 0.75 0.935546875 0.7609375 0.963671875 0.780078125 0.979296875 0.816796875 0.990234375 0.848828125 0.9890625 0.86953125 0.983984375
0 0.5 0.942578125 0.52109375 0.9265625 0.53828125 0.90390625 0.542578125 0.878515625 0.527734375 0.847265625 0.498828125 0.82421875 0.459765625 0.814453125 0.402734375 0.8265625 0.372265625 0.847265625 0.359375 0.870703125 0.366015625 0.89609375 0.379296875 0.9140625 0.401953125 0.932421875 0.426953125 0.943359375 0.454296875 0.94921875 0.47265625 0.9484375 0.5 0.942578125
0 0.00234375 0.729296875 0.01640625 0.730078125 0.046484375 0.7265625 0.0625 0.714453125 0.07265625 0.68984375 0.0671875 0.65859375 0.048046875 0.641015625 0 0.62734375 0.00234375 0.729296875
1 0.26953125 0.31796875 0.286328125 0.29453125 0.29765625 0.265234375 0.303125 0.24140625 0.30078125 0.233984375 0.288671875 0.230078125 0.2765625 0.232421875 0.23984375 0.257421875 0.225 0.276953125 0.21640625 0.29453125 0.214453125 0.314453125 0.21953125 0.330859375 0.234375 0.340234375 0.253125 0.333984375 0.26953125 0.31796875