0 0.126953125 0.4423828125 0.13671875 0.4677734375 0.1611328125 0.48828125 0.1982421875 0.48828125 0.236328125 0.4560546875 0.2451171875 0.439453125 0.2421875 0.3740234375 0.22265625 0.3251953125 0.2021484375 0.3046875 0.1865234375 0.3046875 0.1572265625 0.318359375 0.130859375 0.3603515625 0.123046875 0.3818359375 0.126953125 0.4423828125
0 0.2578125 0.3837890625 0.2783203125 0.408203125 0.2939453125 0.4140625 0.3173828125 0.41015625 0.34375 0.3837890625 0.3564453125 0.341796875 0.359375 0.30703125 0.34765625 0.2705078125 0.340625 0.251171875 0.3173828125 0.23046875 0.2984375 0.218359375 0.2724609375 0.208984375 0.2568359375 0.208984375 0.232421875 0.2197265625 0.21484375 0.2529296875 0.208984375 0.2880859375 0.23046875 0.3212890625 0.24609375 0.3408203125 0.2578125 0.3837890625
0 0.2548828125 0.62109375 0.2685546875 0.619140625 0.2958984375 0.60546875 0.314453125 0.5869140625 0.34765625 0.5478515625 0.3564453125 0.53125 0.35546875 0.4814453125 0.3330078125 0.4609375 0.3056640625 0.455078125 0.2939453125 0.45703125 0.2646484375 0.470703125 0.21875 0.5146484375 0.205078125 0.5498046875 0.208984375 0.5888671875 0.2314453125 0.611328125 0.2548828125 0.62109375
0 0.4462890625 0.525390625 0.4833984375 0.529296875 0.5146484375 0.521484375 0.5458984375 0.501953125 0.5625 0.4775390625 0.5654296875 0.462890625 0.5625 0.4287109375 0.5458984375 0.404296875 0.5302734375 0.392578125 0.5166015625 0.388671875 0.4794921875 0.388671875 0.4443359375 0.400390625 0.419921875 0.4228515625 0.40234375 0.4521484375 0.400390625 0.4716796875 0.404296875 0.4912109375 0.4189453125 0.509765625 0.4462890625 0.525390625
0 0.4130859375 0.34765625 0.4306640625 0.34765625 0.4541015625 0.3359375 0.478515625 0.3173828125 0.498046875 0.2880859375 0.5087890625 0.240234375 0.509765625 0.2158203125 0.501953125 0.1865234375 0.4755859375 0.150390625 0.4501953125 0.14453125 0.4248046875 0.146484375 0.3974609375 0.16015625 0.3671875 0.1982421875 0.35546875 0.2333984375 0.357421875 0.2685546875 0.376953125 0.3310546875 0.3896484375 0.341796875 0.4130859375 0.34765625
0 0.5439453125 0.150390625 0.6005859375 0.150390625 0.6318359375 0.138671875 0.65625 0.1181640625 0.66796875 0.1005859375 0.6728515625 0.076171875 0.669921875 0.0517578125 0.66015625 0.0322265625 0.6435546875 0.015625 0.6025390625 0.00390625 0.5478515625 0.00390625 0.5224609375 0.01171875 0.4921875 0.0380859375 0.4765625 0.0791015625 0.4921875 0.1162109375 0.5185546875 0.142578125 0.5439453125 0.150390625
0 0.2373046875 0.107421875 0.2607421875 0.12109375 0.3193359375 0.126953125 0.3486328125 0.12109375 0.3623046875 0.115234375 0.3857421875 0.087890625 0.38671875 0.0576171875 0.380859375 0.0439453125 0.3583984375 0.01953125 0.3388671875 0.0078125 0.2724609375 0.005859375 0.2607421875 0.009765625 0.23828125 0.0244140625 0.220703125 0.0537109375 0.21875 0.0693359375 0.224609375 0.0908203125 0.2373046875 0.107421875
0 0.91015625 0.0947265625 0.923828125 0.1142578125 0.9423828125 0.130859375 0.9638671875 0.138671875 0.9755859375 0.134765625 0.9990234375 0.11328125 1 0.0009765625 0.9111328125 0 0.904296875 0.0166015625 0.90234375 0.0712890625 0.91015625 0.0947265625
0 0.525390625 0.9443359375 0.51953125 0.9677734375 0.521484375 0.9990234375 0.6513671875 1 0.666015625 0.9677734375 0.6689453125 0.943359375 0.666015625 0.9189453125 0.6494140625 0.892578125 0.6259765625 0.880859375 0.5849609375 0.8828125 0.5556640625 0.900390625 0.53515625 0.9248046875 0.525390625 0.9443359375
0 0.4677734375 0.796875 0.4990234375 0.80859375 0.5302734375 0.810546875 0.5537109375 0.806640625 0.576171875 0.7880859375 0.5888671875 0.767578125 0.58984375 0.7451171875 0.583984375 0.7255859375 0.5615234375 0.69921875 0.5400390625 0.685546875 0.4931640625 0.681640625 0.4658203125 0.685546875 0.443359375 0.7021484375 0.42578125 0.7294921875 0.423828125 0.7490234375 0.43359375 0.7724609375 0.4677734375 0.796875
1 0.30859375 0.6748046875 0.318359375 0.6943359375 0.3349609375 0.70703125 0.3466796875 0.705078125 0.359375 0.6884765625 0.3642578125 0.63671875 0.361328125 0.6025390625 0.3408203125 0.5859375 0.3330078125 0.5859375 0.3232421875 0.591796875 0.306640625 0.6123046875 0.3046875 0.6513671875 0.30859375 0.6748046875
0 0.0107421875 0.03125 0.0009765625 0.03125 0 0.1513671875 0.0458984375 0.134765625 0.064453125 0.1201171875 0.0654296875 0.11328125 0.06640625 0.0791015625 0.056640625 0.0615234375 0.0302734375 0.041015625 0.0107421875 0.03125