0 0.7646484375 0.12109375 0.7373046875 0.119140625 0.6748046875 0.134765625 0.640625 0.1728515625 0.63671875 0.2021484375 0.642578125 0.2255859375 0.6669921875 0.251953125 0.6982421875 0.271484375 0.75390625 0.2802734375 0.7880859375 0.275390625 0.8173828125 0.259765625 0.83203125 0.2451171875 0.84765625 0.2080078125 0.849609375 0.1767578125 0.845703125 0.1669921875 0.8232421875 0.14453125 0.7646484375 0.12109375
0 0.7119140625 0.30859375 0.6953125 0.3232421875 0.671875 0.3623046875 0.669921875 0.3955078125 0.67578125 0.4130859375 0.7119140625 0.443359375 0.7236328125 0.447265625 0.751953125 0.4462890625 0.7705078125 0.439453125 0.80859375 0.4091796875 0.830078125 0.3662109375 0.83203125 0.3330078125 0.826171875 0.3193359375 0.7958984375 0.298828125 0.7490234375 0.294921875 0.7119140625 0.30859375
0 0.7880859375 0.48828125 0.765625 0.5087890625 0.75 0.5498046875 0.744140625 0.6064453125 0.748046875 0.6240234375 0.765625 0.6572265625 0.7958984375 0.681640625 0.8203125 0.6865234375 0.8427734375 0.68359375 0.873046875 0.6572265625 0.87890625 0.5673828125 0.87109375 0.5400390625 0.84375 0.5029296875 0.8232421875 0.486328125 0.8056640625 0.484375 0.7880859375 0.48828125
0 1 0.5244140625 0.9931640625 0.5234375 0.9462890625 0.548828125 0.90625 0.5927734375 0.892578125 0.6376953125 0.892578125 0.6669921875 0.8984375 0.6806640625 0.9228515625 0.69921875 0.9541015625 0.701171875 0.9814453125 0.697265625 1 0.695703125 1 0.5244140625
0 0.8388671875 0.841796875 0.8203125 0.8544921875 0.815234375 0.8796875 0.818359375 0.9033203125 0.822265625 0.9130859375 0.8505859375 0.9375 0.8798828125 0.955078125 0.9033203125 0.962890625 0.96875 0.9677734375 0.990234375 0.9501953125 0.99609375 0.9365234375 0.99609375 0.9189453125 0.970703125 0.8779296875 0.9345703125 0.84375 0.9189453125 0.83203125 0.8818359375 0.826171875 0.8388671875 0.841796875
0 0.6435546875 0.642578125 0.5947265625 0.65625 0.572265625 0.6767578125 0.5546875 0.7392578125 0.560546875 0.7900390625 0.576171875 0.8115234375 0.6064453125 0.83203125 0.634765625 0.8330078125 0.6611328125 0.826171875 0.701171875 0.7919921875 0.716796875 0.7626953125 0.72265625 0.7314453125 0.716796875 0.6943359375 0.701171875 0.6630859375 0.6826171875 0.65234375 0.6435546875 0.642578125
0 0.4794921875 0.626953125 0.4365234375 0.6328125 0.3935546875 0.662109375 0.37109375 0.7216796875 0.376953125 0.7685546875 0.38671875 0.7802734375 0.4091796875 0.796875 0.443359375 0.8017578125 0.4775390625 0.796875 0.5166015625 0.7734375 0.53515625 0.7529296875 0.552734375 0.6943359375 0.552734375 0.6728515625 0.5478515625 0.6640625 0.52265625 0.641015625 0.4794921875 0.626953125
0 0.4228515625 0.447265625 0.40625 0.4638671875 0.392578125 0.4892578125 0.390625 0.5185546875 0.400390625 0.5439453125 0.421875 0.5791015625 0.4462890625 0.599609375 0.4951171875 0.619140625 0.5078125 0.6181640625 0.51953125 0.6083984375 0.53515625 0.5791015625 0.541015625 0.5302734375 0.533203125 0.5009765625 0.517578125 0.4794921875 0.4775390625 0.4453125 0.4482421875 0.439453125 0.4228515625 0.447265625
0 0.5498046875 0.345703125 0.5107421875 0.359375 0.4921875 0.3837890625 0.486328125 0.4033203125 0.498046875 0.4443359375 0.5205078125 0.46875 0.5380859375 0.48046875 0.5634765625 0.486328125 0.591796875 0.4853515625 0.6259765625 0.48046875 0.650390625 0.4580078125 0.654296875 0.4384765625 0.65234375 0.4091796875 0.64453125 0.3955078125 0.625390625 0.3734375 0.5986328125 0.3515625 0.5498046875 0.345703125
0 0.5068359375 0.115234375 0.4638671875 0.1171875 0.4345703125 0.125 0.408203125 0.1494140625 0.404296875 0.1572265625 0.40625 0.1884765625 0.4140625 0.2060546875 0.4326171875 0.224609375 0.4640625 0.24140625 0.4970703125 0.251953125 0.533203125 0.2509765625 0.5517578125 0.244140625 0.55859375 0.2373046875 0.564453125 0.2275390625 0.56640625 0.2041015625 0.572265625 0.1923828125 0.564453125 0.1650390625 0.5380859375 0.126953125 0.5068359375 0.115234375
0 0.40234375 0.2177734375 0.3916015625 0.2109375 0.3701171875 0.203125 0.3349609375 0.19921875 0.3056640625 0.197265625 0.2796875 0.205078125 0.2548828125 0.216796875 0.24609375 0.2373046875 0.248046875 0.2802734375 0.26953125 0.3173828125 0.2802734375 0.328125 0.30625 0.34765625 0.3369140625 0.359375 0.366796875 0.366796875 0.396484375 0.3642578125 0.42578125 0.3486328125 0.435546875 0.3271484375 0.435546875 0.3154296875 0.443359375 0.3056640625 0.443359375 0.2880859375 0.43359375 0.2646484375 0.41796875 0.2333984375 0.40234375 0.2177734375
0 0.0517578125 0.138671875 0.025390625 0.1669921875 0.01953125 0.1787109375 0.021484375 0.1943359375 0.0732421875 0.25 0.1240234375 0.263671875 0.162109375 0.2626953125 0.2001953125 0.251953125 0.234375 0.221484375 0.22890625 0.18125 0.2041015625 0.16015625 0.1708984375 0.134765625 0.1279296875 0.125 0.0654296875 0.130859375 0.0517578125 0.138671875
0 0.2021484375 0.28515625 0.1708984375 0.29296875 0.1494140625 0.30859375 0.12109375 0.3447265625 0.111328125 0.3740234375 0.11328125 0.4169921875 0.130859375 0.4462890625 0.1474609375 0.45703125 0.185546875 0.4580078125 0.2041015625 0.447265625 0.228515625 0.4228515625 0.23828125 0.4091796875 0.24609375 0.3798828125 0.24609375 0.3369140625 0.23828125 0.3154296875 0.2158203125 0.2890625 0.2021484375 0.28515625
0 0.2177734375 0.513671875 0.1748046875 0.529296875 0.138671875 0.5615234375 0.12890625 0.5791015625 0.126953125 0.6005859375 0.134765625 0.6201171875 0.1591796875 0.646484375 0.1923828125 0.662109375 0.2216796875 0.66796875 0.2578125 0.6669921875 0.2880859375 0.65625 0.3125 0.6337890625 0.328125 0.5849609375 0.322265625 0.5537109375 0.302734375 0.5361328125 0.2822265625 0.521484375 0.2451171875 0.513671875 0.2177734375 0.513671875
0 0.1630859375 0.755859375 0.146484375 0.7802734375 0.14453125 0.8017578125 0.1484375 0.8193359375 0.1640625 0.8447265625 0.2275390625 0.888671875 0.287109375 0.8916015625 0.3271484375 0.8828125 0.349609375 0.8505859375 0.33984375 0.8115234375 0.322265625 0.7841796875 0.2607421875 0.73046875 0.2373046875 0.72265625 0.2080078125 0.7265625 0.1630859375 0.755859375
0 0 0.9111328125 0.0166015625 0.921875 0.0498046875 0.93359375 0.10546875 0.9365234375 0.1318359375 0.9296875 0.146484375 0.9091796875 0.14453125 0.8779296875 0.126953125 0.8564453125 0.11328125 0.8173828125 0.1005859375 0.8046875 0.0869140625 0.798828125 0.0458984375 0.794921875 0.0341796875 0.794921875 0.0048828125 0.8125 0 0.8193359375 0 0.9111328125
0 0.05859375 0.4541015625 0.0400390625 0.4375 0.0302734375 0.43359375 0.0009765625 0.431640625 0 0.5595703125 0.033203125 0.5615234375 0.0673828125 0.55859375 0.09375 0.5302734375 0.095703125 0.5107421875 0.08984375 0.4873046875 0.083984375 0.4833984375 0.080078125 0.4716796875 0.0595703125 0.458984375 0.05859375 0.4541015625