0 0.78671875 0.4421875 0.8140625 0.428515625 0.842578125 0.40078125 0.860546875 0.37421875 0.8703125 0.340234375 0.86953125 0.308984375 0.865625 0.28984375 0.853125 0.26796875 0.840234375 0.253125 0.81484375 0.239453125 0.791796875 0.231640625 0.751171875 0.234375 0.71640625 0.255859375 0.697265625 0.2765625 0.67734375 0.303515625 0.666015625 0.321484375 0.6609375 0.344140625 0.66015625 0.375 0.6640625 0.40234375 0.676171875 0.424609375 0.691015625 0.442578125 0.718359375 0.452734375 0.7546875 0.450390625 0.78671875 0.4421875
0 0.722265625 0.683984375 0.745703125 0.671484375 0.764453125 0.633203125 0.770703125 0.589453125 0.76484375 0.544140625 0.7375 0.501171875 0.705078125 0.475390625 0.6828125 0.465234375 0.654296875 0.4625 0.62734375 0.471875 0.617578125 0.484765625 0.60546875 0.503125 0.59765625 0.530859375 0.598828125 0.561328125 0.609375 0.59375 0.623046875 0.624609375 0.638671875 0.65234375 0.657421875 0.675 0.681640625 0.68671875 0.722265625 0.683984375
0 0.83984375 0.872265625 0.84140625 0.83046875 0.832421875 0.788671875 0.81328125 0.759765625 0.802734375 0.750390625 0.787890625 0.746484375 0.758203125 0.74609375 0.71953125 0.759375 0.69765625 0.778515625 0.679296875 0.8109375 0.671484375 0.844921875 0.669921875 0.876171875 0.673828125 0.907421875 0.68203125 0.928515625 0.698046875 0.954296875 0.721484375 0.973828125 0.76015625 0.976171875 0.7828125 0.967578125 0.808984375 0.94921875 0.8296875 0.912109375 0.83984375 0.872265625
0 0.646484375 0.82109375 0.6625 0.8015625 0.675 0.7734375 0.673828125 0.74375 0.6671875 0.726953125 0.650390625 0.704296875 0.63359375 0.69375 0.61171875 0.6890625 0.571484375 0.6921875 0.538671875 0.70390625 0.521875 0.71484375 0.503515625 0.731640625 0.49140625 0.74765625 0.486328125 0.766015625 0.484375 0.7828125 0.484765625 0.812890625 0.48984375 0.82890625 0.503125 0.851953125 0.521875 0.863671875 0.55625 0.8640625 0.597265625 0.8546875 0.629296875 0.835546875 0.646484375 0.82109375
0 0.532421875 0.706640625 0.545703125 0.698046875 0.564453125 0.69296875 0.572265625 0.676953125 0.575390625 0.651171875 0.56875 0.62734375 0.553125 0.6046875 0.523828125 0.5890625 0.490625 0.584375 0.433984375 0.59453125 0.408984375 0.60859375 0.392578125 0.63046875 0.3828125 0.653515625 0.3796875 0.673046875 0.38125 0.68125 0.390234375 0.70703125 0.402734375 0.72890625 0.425390625 0.73828125 0.4578125 0.73984375 0.47890625 0.737890625 0.504296875 0.7265625 0.516796875 0.7171875 0.532421875 0.706640625
0 0.250390625 0.596484375 0.2703125 0.5828125 0.29296875 0.549609375 0.29921875 0.50546875 0.295703125 0.453125 0.28515625 0.418359375 0.252734375 0.38046875 0.22265625 0.365625 0.1953125 0.359375 0.15546875 0.36953125 0.1375 0.39375 0.13046875 0.428515625 0.126953125 0.449609375 0.1296875 0.490625 0.1375 0.51875 0.151171875 0.549609375 0.1671875 0.57578125 0.1828125 0.59140625 0.2171875 0.598828125 0.250390625 0.596484375
0 0.103125 0.391796875 0.08359375 0.36953125 0.05078125 0.362109375 0.0140625 0.369140625 0 0.38203125 0.001171875 0.5890625 0.0171875 0.588671875 0.04453125 0.583203125 0.069921875 0.569140625 0.103125 0.5359375 0.116015625 0.496875 0.1203125 0.45390625 0.11640625 0.420703125 0.103125 0.391796875
0 0.153515625 0.966796875 0.18125 0.920703125 0.18046875 0.88671875 0.171484375 0.8609375 0.150390625 0.8375 0.116015625 0.82109375 0.085546875 0.81875 0.057421875 0.828515625 0.03515625 0.848046875 0.01796875 0.865625 0.00859375 0.894140625 0.005859375 0.918359375 0.005078125 0.93671875 0.009375 0.963671875 0.02109375 0.988671875 0.040234375 0.998828125 0.082421875 1 0.115234375 0.991796875 0.153515625 0.966796875
0 0.284375 0.896484375 0.26015625 0.915234375 0.24765625 0.933984375 0.237890625 0.968359375 0.23671875 0.99921875 0.378125 1 0.38359375 0.9828125 0.381640625 0.95 0.375390625 0.928125 0.35703125 0.906640625 0.324609375 0.892578125 0.284375 0.896484375
0 1 0.860546875 0.9609375 0.862890625 0.92890625 0.875390625 0.905078125 0.89921875 0.88359375 0.934375 0.872265625 0.97109375 0.867578125 1 1 1 1 0.860546875
1 0.467578125 0.333984375 0.4890625 0.3109375 0.503515625 0.27421875 0.50390625 0.23359375 0.4875 0.20703125 0.459765625 0.19609375 0.4171875 0.211328125 0.408203125 0.221484375 0.3890625 0.235546875 0.375390625 0.253515625 0.36875 0.28203125 0.37265625 0.3109375 0.385546875 0.331640625 0.398046875 0.346875 0.4328125 0.346484375 0.467578125 0.333984375
0 0.178515625 0.189453125 0.1890625 0.16953125 0.1984375 0.133984375 0.197265625 0.1 0.191015625 0.08046875 0.0328125 0.09609375 0.036328125 0.11796875 0.041796875 0.13828125 0.054296875 0.169140625 0.0765625 0.197265625 0.101953125 0.20859375 0.129296875 0.21328125 0.148828125 0.20703125 0.178515625 0.189453125